664014
454951
506721
475524
445835
451930
448596
431356
431148
444951
443752
469794
477294
442294
432503
587399
454794
438856
481721
446670
520159
472085
432034
430106
433961
441513
435210
445784
449325
557659
435628
434169
435992
450262
450732
446877
432190
472242
468701
433960
447242
444951
445002
429013
458908
448596
456982
477294
431721
435003
435262
445419
457190
432450
434430
435367
465002
453180
447346
481825
447294
446148
458440
430732
434481
465940
436930
434012
446357
453856
435628
430210
435107
438544
464325
445940
445367
441252
429117
430888
434013
430367
530679
484586
449951
441825
429325
425419
431461
445731
441877
444795
469377
436304
446461
446096
443544
429638
433961
436408
445523
488024
431669
429689
432451
434533
434638
449586
452242
453856
457763
434638
435262
435315
434169
457503
487711
449221
448127
475576
437710
434378
438804
433752
434065
454273
431148
601045
478388
431930
438596
438335
313387
310315
304064
306616
305054
304168
356252
302605
303492
310158
303074
303543
303544
305105
302346
307085
308647
306668
321669
318179
306720
304377
307710
304324
310991
308752
307033
304533
305939
309585
311772
404638
319064
312450
304480
308856
304533
304064
305002
304428
305367
308335
309272
306304
304012
318543
304012
303804
302918
301929
304377
309584
303179
305002
303647
302346
302085
303907
323700
304012
307293
305262
303804
302189
305054
308960
310054
306564
303803
303752
302606
317762
378075
305939
310991
303804
303647
305835
305783
301877
302970
305054
305522
309689
318544
306928
305419
304116
305210
303647
311773
306460
305053
305419
303439
301564
308231
325418
314533
304481
308491
304950
303699
303543
302867
307032
304325
307658
304376
309481
317710
304846
303699
302918
303908
303700
311304
305105
304064
305262
303023
305210
306824
323283
311669
306980
303856
303752
304376
307658
305314
310940
305574
309168
303960
314638
317657
305627
307189
315523
311668
303543
304325
304897
302971
302605
303387
314117
308803
317137
304013
306616
304376
304117
341928
310783
304273
310991
303543
304898
304428
303231
318596
309741
305679
308491
303960
305210
305158
307084
301981
303283
310366
305002
305522
319585
304273
301929
303282
309117
303335
305991
302189
304897
303908
313075
304272
306304
325731
308699
305054
306825
303751
306044
310366
302501
309221
307085
308647
303804
305679
317449
302346
301512
306043
310054
304116
309220
303543
303752
304585
303022
302450
305887
322710
312918
304012
304898
306147
302189
305679
309325
308855
309533
304064
303960
303023
317606
303699
309116
303960
306096
306616
304168
304064
303231
327554
306199
311773
308700
317553
305471
304272
305106
308804
304064
308803
305523
304376
303856
303127
307033
302710
322658
304168
304116
303856
303022
302762
305210
308752
304429
312293
301772
305575
304272
319742
303803
304273
309585
303543
303491
306044
304793
301928
303752
309377
349116
304012
316096
305574
308491
307450
303543
310210
311356
303960
304012
313179
306980
304169
306303
319481
310731
309898
303022
306304
303803
303075
302397
303856
314377
304272
304533
304741
318127
305106
303126
301825
305054
310730
305106
305002
303751
303335
304429
305002
350991
322762
307710
309429
303700
304376
304273
303387
302345
305679
308803
305887
304065
304584
315315
303491
308439
305679
310053
304794
305314
303804
303178
306460
304012
304221
305053
318596
303491
303908
309533
304532
303856
304481
302970
302398
305470
310939
308752
380575
319429
307189
305679
312085
304064
307085
303647
303960
314585
305210
310366
303960
303804
318231
304897
303960
302554
302241
305470
309117
304376
308179
303908
303647
303856
303022
317502
304897
311044
303283
303543
303908
302658
303543
305314
323908
306304
309585
304637
317501
303648
305106
301772
303179
304949
303960
308960
303752
303283
303751
302919
305001
323439
305471
309376
307606
305262
303700
303178
302085
303335
309012
303231
305158
305731
319272
302971
304272
303075
303908
313387
302189
303960
305418
308283
302658
305574
389534
327501
309533
305002
304116
305366
303023
304949
305471
311616
304377
309324
304169
306095
316720
303335
302033
303439
309742
303647
303752
305470
302241
302242
305158
308855
304325
317137
304220
304273
303804
305522
310575
308231
303230
304429
303804
304689
307293
306512
323492
303960
304272
303491
303648
303856
305210
309897
340887
310679
308544
304012
305314
318699
304065
304272
303023
308751
303491
304585
306669
304897
306096
301772
308856
302345
324117
303960
303543
303387
305106
301251
305210
309898
304845
308335
306148
303231
303908
319012
310574
310627
303856
304272
303960
303127
307814
303908
308074
304794
303699
304273
316356
303126
303596
309116
303752
305314
303960
303595
304637
303127
302189
305887
381408
325731
305158
305210
304637
302814
307658
303804
308700
308491
306252
303855
304533
306096
319168
303231
310262
303908
308231
303387
304585
304845
302710
303648
303178
308231
304273
318178
303387
304117
303335
303908
310314
303387
303804
304116
303178
304377
303543
312242
323699
307190
305366
304012
303491
310731
305627
314116
304012
310366
303283
304585
306460
316148
304012
303803
308596
303126
303700
303752
302657
302398
304533
319845
304585
318752
326668
305731
305367
305834
306721
307397
304169
308647
303700
303647
304325
303074
388961
319481
303803
310367
304793
303387
303543
303387
302346
304845
310002
308699
305367
304376
319690
303543
303127
303907
309013
303491
306095
303387
302710
301721
304116
308283
304481
327710
306876
305158
304325
302814
304116
303596
309480
304117
308074
304846
308439
304481
321251
305002
303856
303491
304012
312606
305262
303491
303596
304064
305991
303908
312241
326252
303387
303491
305835
302710
304377
303543
309168
307606
304273
305106
306720
305210
320939
309116
306304
305471
306824
341148
303283
302762
303283
309324
307033
304585
307658
319116
304012
303283
301721
303126
309064
303856
303492
305730
310419
305001
308231
324012
337242
352658
339116
345888
332085
307397
306304
305679
305053
304846
303126
314169
447554
328752
311929
304533
362293
332398
330731
378075
335731
328700
304012
305210
370835
306929
316304
316772
312554
306199
305679
303387
306617
308803
303700
311564
305002
323699
304898
310054
305887
304220
304429
305053
302294
305679
344168
310002
309741
311148
319324
303960
306512
303179
305210
305106
309272
306252
303491
304377
302762
302449
310367
325835
305366
306825
309168
305210
305939
308804
302189
304845
310731
310314
304064
304638
320470
304793
304429
304845
310523
305002
303908
304324
304377
302397
303335
311044
306095
318179
304897
303544
303439
305262
301981
303595
410002
307502
303856
310939
325418
304012
317762
304065
305522
302137
303960
308752
310210
305991
304325
303803
303387
303075
304116
318387
312033
304325
303647
303908
305314
301981
303543
309065
311928
303908
303179
303856
315783
309064
302554
302657
302606
303908
309377
304012
303908
303960
304272
303752
303491
323804
312710
305002
304845
304168
303856
304533
302866
323075
303543
312606
306043
308908
317346
305679
307918
304585
302762
305887
310627
304428
305262
304638
304585
303126
306304
323856
313074
305419
303751
303908
303023
304116
303387
309585
304898
305105
303596
319949
362190
304481
304116
303595
351252
311408
312033
304012
304429
303699
303335
308023
308387
325002
305574
304585
307762
304273
301772
303387
307554
304116
303856
304116
309065
305626
317346
304012
304168
302398
304793
311095
303491
303804
303908
312971
305314
304064
309585
325054
303439
303179
306616
303126
307242
313856
309064
304428
304377
304533
304377
301928
319742
311356
303907
305054
305991
304898
302606
304897
310679
308283
305574
306669
306512
326929
302866
306408
309168
303960
304533
303543
302814
303804
302085
304637
303231
310054
346929
314324
309950
303752
304324
304533
302866
315939
306304
309794
303751
305262
305002
316981
302658
304689
311720
303700
305574
303856
304012
308752
306304
302449
305314
309117
323022
315054
304168
303960
302606
307293
304377
309012
307189
305314
304690
306876
302606
319533
310679
305991
302033
306460
303127
301460
307710
310262
303491
310627
306043
307397
318231
304273
304376
305471
303126
303075
310158
311929
305574
303335
303856
305262
312398
320939
310783
304585
304428
303335
303544
302345
303596
310626
305314
303752
303127
305001
316460
303179
302189
302971
310053
305210
306617
304376
303127
302762
303543
310939
306773
318804
305106
305730
304898
304116
305158
308075
305522
305366
309325
308908
303803
304377
318544
305626
304325
301928
304950
302137
304793
310887
304169
303231
303595
304533
302345
322242
304689
310470
303596
303282
303960
304638
305105
304742
308335
303439
303387
304220
357450
305366
309221
305522
310054
304116
303596
305262
305366
303699
303804
311825
304481
320783
303595
304324
302294
303491
309168
304794
305105
304950
311460
307085
304220
304169
321720
305627
309168
304325
313491
303752
304012
364533
308960
303647
303960
302502
338283
320627
310054
303960
303751
304794
303126
302398
303699
308856
303335
306512
305627
302866
315627
306408
311147
308231
304689
304793
304898
303127
309272
305575
308230
303804
308387
319117
304064
303908
306095
309273
305782
304742
304220
303700
304793
304637
302033
305106
325158
305522
304169
303335
305678
305314
303231
306044
304428
302502
303595
307554
307710
316304
306720
304064
304429
308075
305574
303648
302397
303544
310470
302189
305366
305627
316252
304012
305158
316356
311980
303856
303231
302137
303231
309324
304742
314845
334012
318440
305314
303491
302241
303856
310314
310054
304845
303335
312710
304221
305626
303752
319898
305314
303178
304898
305314
310210
308491
305835
304481
302918
305992
305053
306356
324585
304533
311408
303491
303752
304116
302866
303596
304897
309117
303803
303856
306616
316565
303491
304116
310262
305054
305054
302762
304220
305158
303231
309324
304169
349845
318440
304532
302867
303699
303491
310679
304273
305783
303595
311825
304376
304169
301980
319065
312762
310678
305992
304116
304116
302241
308752
304429
310574
305939
314169
305731
318022
311304
307397
301877
303387
311304
305366
303700
304585
303178
337971
304481
308387
325418
303908
303648
305158
302970
306512
303595
310940
304533
303751
303335
302971
302553
322346
304533
314585
303699
303491
303544
304845
304793
303388
325939
306304
311303
308231
317398
303283
306564
307293
302970
304325
307033
308908
303491
306356
305679
303022
312918
321877
304012
304637
310523
308908
303335
305053
304481
302606
308179
304220
310731
304064
318804
307606
303491
302085
304377
308699
305419
303699
303231
305991
303648
303856
359793
325314
306617
305314
304429
303334
304481
306512
308908
309064
305888
304428
303335
304377
318856
304481
310001
305887
308856
304898
304116
303647
305158
302762
303387
308856
305262
319012
303752
304481
305054
303439
302449
304325
310106
302814
310262
304897
305575
307189
316721
304689
306876
311565
303960
305210
305678
303908
305262
305679
310731
308752
306407
317502
303856
304481
304637
303804
309585
305470
303387
303856
303804
308595
306304
305939
318075
309428
303908
303439
303804
304220
311565
303751
309117
304324
303595
304794
353752
317345
304637
307033
308127
305626
310835
304221
303804
305991
304897
302398
303231
310574
325471
312085
304064
304324
306617
301720
306773
308491
304429
310262
306043
303283
353960
318908
304064
310366
305888
306720
306616
303283
301304
303543
327033
304950
309845
311304
319429
304168
305627
302814
301876
303492
308751
304273
306043
305575
302449
302241
305992
325001
306356
303960
303700
303439
302814
301981
335262
305783
310731
309064
307970
304742
318699
305002
304220
303752
308335
305002
304793
306720
305002
302293
305887
311460
305887
318388
305522
308231
305210
302658
303647
303804
311408
308179
307137
304116
303283
305054
318856
304585
308230
304794
308803
303648
304689
303960
303127
305262
303126
309950
305731
318647
303856
302398
301928
303544
307970
303179
304949
304637
304065
303855
301981
313335
321981
305575
303960
303491
305158
309064
304845
309065
303699
303543
303596
303231
371720
317190
304897
310939
302294
303699
303543
302815
302293
305522
324117
304272
310731
307293
317398
305574
304846
301876
303335
309377
308804
303335
305001
304013
304376
309429
305314
324794
304532
303387
304117
302866
304220
306669
310574
303700
303439
306877
303699
305835
316669
302553
305887
311460
304064
303856
303439
304377
303439
305314
310054
308387
304116
317190
303595
303127
303387
306095
309898
303491
304272
313023
303960
308804
303283
313282
320627
311356
304064
306252
303856
303178
310210
303231
309585
308075
303231
305678
351773
317398
305262
303074
301877
303595
311460
304221
303699
303231
304637
303908
303856
308283
319168
314116
309221
303856
303751
303960
303491
307658
305262
314690
303855
304013
358543
321721
303074
302293
304221
315366
303856
304377
307970
303543
303492
305470
308491
304325
316356
303855
313388
302293
304012
303960
305627
304845
303075
308543
303752
303699
304064
320158
302918
303596
309012
346669
303387
308387
303803
302762
303023
303231
309428
305575
319533
304273
303803
303439
303179
303335
303543
308908
307033
303856
303543
302346
302293
317241
308700
308908
305054
303595
303595
303075
310002
304064
324949
305523
308908
305574
317710
303856
304481
304116
303960
308491
305575
306668
302450
304272
302762
304377
358492
324116
304689
303960
304533
302502
301980
306200
310679
308856
303543
308283
304220
303544
318439
306616
309168
305835
310783
303752
303804
306043
304637
355262
309012
304117
310366
319220
305002
303960
303023
302345
304012
313022
303440
304376
305992
304949
304741
305002
316408
305418
312814
303075
303804
303803
302658
301929
303231
308804
305626
303179
305262
317554
302658
309012
304064
310314
305158
305575
303335
304064
303751
303752
308752
305678
317190
306460
308387
305626
303492
307762
304845
305939
305419
307137
305418
317241
304221
318595
303648
302449
301981
304168
309481
304793
304325
303647
303908
309117
304689
302814
319272
309481
303387
303700
303752
302970
303804
303387
314324
308387
304065
304168
377658
316773
303387
305991
305522
309221
307397
304377
304793
307919
301981
306303
311200
304064
316616
303960
305106
304325
303855
309013
308126
303439
304117
304376
303804
305627
303803
321460
305627
310939
304689
303596
303960
303283
305366
301564
329064
303075
307814
306460
325262
305679
305262
303439
303075
303595
304950
310262
305001
303544
304272
302658
302293
317867
354845
313387
305315
307189
302658
303126
301825
303491
309116
305158
304689
304585
318752
303960
309429
306668
310106
303804
303335
304741
305887
302241
304377
313595
304794
323699
303231
323648
305522
303439
303023
304637
313908
308491
308387
305470
303544
304533
320679
303230
307971
305835
308856
306512
307293
305991
304429
303960
303543
308804
304585
320783
304429
303230
302554
303387
309012
306356
303752
304533
306512
303960
305731
311095
323439
305783
306773
306876
303648
305470
303127
309741
308700
306355
303335
303127
307346
316251
302606
303335
308752
315731
304168
304689
304064
303648
303283
325001
310314
305783
322606
303700
304324
303908
303335
302919
307710
310053
304689
305523
305522
304169
327814
325575
305366
326408
305054
309533
303803
309429
303595
303804
304064
302971
302397
310262
325262
304221
303439
304533
304481
304585
305522
308908
305783
303648
304480
303231
302398
322553
303023
306616
309898
308230
306669
303595
306044
304012
319220
304793
307867
305887
326512
304064
304325
303803
305158
304273
303543
311304
305001
304012
304638
306772
306252
317345
302241
303752
311616
305367
304324
305679
304481
302345
303856
309064
309168
304689
318908
308544
303960
308231
305783
309220
303804
304012
304012
303751
302398
308595
386773
323544
309376
303960
303700
305054
303907
305315
302085
303335
325314
312658
304637
313752
320366
310731
304481
303647
302293
304012
308804
303700
306512
305262
338804
306147
305262
320315
309949
303700
304793
305106
303335
304064
305522
309585
305210
305158
305627
304793
316929
312710
303804
308960
306512
305262
304429
303178
303960
305575
310783
306564
308543
316981
304377
303856
304481
301616
305210
303647
306825
314376
313544
315262
309689
313491
327867
310574
309325
315262
313700
323699
305367
307658
310418
305210
303647
317762
304377
323752
303908
305574
304377
303752
305887
311824
309585
303596
306095
303856
303283
304324
323283
307346
310106
306251
305991
305523
302710
304481
304637
310470
304377
303908
303908
316564
303595
304325
308908
307449
305367
303491
304012
304897
320419
304376
304637
302138
319533
313126
309898
303699
304169
303699
313283
304220
305992
309272
304116
305783
303752
318335
305002
305731
310730
303908
304012
305939
304221
305262
304064
310835
310418
306669
318543
304741
303075
302449
304481
308908
305575
304220
305210
303960
301877
302606
313126
320158
303856
308387
303283
302502
303856
309428
308127
304220
304429
312762
303700
305001
319117
303335
301928
381825
305314
310783
308960
304585
303908
304012
302762
307763
304793
324741
303231
305991
303648
303647
301721
304168
308387
305470
307815
304324
313543
304273
325523
307137
309428
303335
305262
305471
303179
303074
314064
310262
303596
303803
304898
319168
302554
306929
311147
308544
304741
305158
305366
304220
310627
306512
311408
304741
323596
303908
309116
304897
303856
303960
305106
355887
307710
303856
310835
308491
341148
341460
325315
323908
327189
326252
329324
310835
311096
315731
310314
306147
337033
324690
305470
305106
303856
310939
310574
395940
330679
324533
401252
333856
340158
323648
305835
305054
308803
315158
311564
309742
306981
329637
305835
306876
306825
305106
318074
303804
311096
303647
306773
323751
304273
307866
305158
305939
307398
302970
303179
327554
311564
309064
303647
305575
308283
303543
306356
311460
303231
302553
303804
309637
326929
305158
304012
310939
303439
305054
303648
308595
303908
305210
304637
308335
303595
318752
309585
306564
304169
304689
305522
304846
308543
307137
307658
302293
305210
309742
322970
307033
307293
303439
304169
302866
304012
306564
309689
310419
411564
304950
362710
314585
305887
304846
302501
307450
314168
306981
303387
304012
303179
302606
303074
346825
310835
303856
306564
305262
306408
311043
303492
309220
306929
303647
304273
484846
320992
305782
304846
302606
306147
308856
305679
303699
304637
313023
303022
303127
302710
318283
310470
312867
304116
303387
304324
304012
303648
302033
305158
308699
309898
304481
318231
304428
303804
302189
307710
309221
303960
303543
304637
304689
304845
304117
311356
318543
303960
305574
304846
304116
306877
310314
309272
305627
303752
303908
302866
310158
319741
310731
304793
304377
305939
303387
303439
303023
305522
303648
311512
308804
314532
317971
304220
305523
303595
303023
303439
311668
368075
303908
309012
305054
303283
303856
317293
302554
303751
309377
304793
306044
305314
305418
303387
304481
308700
308491
304220
317658
304116
303179
303491
303856
308960
303596
303855
303804
302450
303074
305575
310314
318439
304377
304585
302658
303022
304012
311825
305366
308075
305470
306616
303856
303335
316825
304064
309272
308700
303543
305106
305418
304637
309325
304272
312502
305627
311043
317450
304324
303908
302658
377190
302710
304376
310471
303491
304637
303804
302970
305418
318388
310991
310106
304376
303648
304220
300939
304533
302085
305210
311512
304221
305939
317085
303908
303439
307345
304846
309220
304377
305783
302501
306617
305418
304689
310418
319429
312710
303544
305730
303960
302867
301824
303127
309637
305418
302918
303335
304169
317293
303283
302710
303543
314221
305522
305158
302189
304116
301981
303596
309116
304585
320366
304533
304325
304637
308231
307241
311252
303699
303648
304220
302918
302450
304689
324168
304325
303439
304533
303439
302085
302918
311877
304533
307606
304429
308126
305835
322450
303335
304272
303856
303491
302502
303543
312971
302553
303544
305210
304376
335992
318074
303492
304064
308751
308544
304637
303960
303595
304898
308231
303855
311565
304637
320470
304325
303387
302814
303908
309533
304116
304064
305366
302919
302293
303908
347450
325678
304117
305158
305157
306877
305783
304637
310106
306720
309846
302033
307918
307814
317241
305471
303022
302606
340939
304273
311408
304637
306720
305471
305835
305366
306095
323700
304377
305105
303908
305262
305263
303282
302815
305001
308908
358752
306981
305054
317918
303387
303752
306928
312502
310002
305731
303855
308440
302710
304793
315418
309950
317449
304169
304064
303075
302501
303231
310366
303856
306356
303283
304428
305523
302502
318543
301772
309690
303543
303960
303127
306095
304533
303283
309793
308595
304013
371616
319481
306095
302971
306095
304169
302085
302605
305419
313335
304845
305887
306148
305001
316564
303075
301825
304585
309168
309637
308491
305783
304793
305315
307970
305731
309116
318491
305471
304064
304168
302606
303387
310679
304012
308387
304012
309168
305263
307397
317033
304325
303335
304897
308075
305105
304533
306877
305418
303856
303856
309637
308700
316564
303491
304533
304533
305522
304377
306147
301512
303596
303647
305471
302814
307606
322085
303595
305939
305106
303179
301772
303596
309168
303231
304429
303855
311356
304221
322553
304481
308960
304273
304689
304220
304585
306096
303803
322190
305106
308178
303804
323752
304116
304064
305523
303439
306772
303648
310001
305106
306460
304950
302918
328596
323543
303856
308335
307033
308803
303440
304585
303282
303388
302501
303127
305001
312033
323492
304116
306408
304116
324273
308439
304064
311148
304116
303908
305158
308439
302606
317657
306044
303335
304220
303127
309168
306200
303856
303647
310783
305054
306616
302293
320471
359793
309169
306408
303543
306564
304689
303179
302866
303231
303543
309221
303908
318751
303856
307137
301096
303178
303283
304533
311356
304220
303596
305835
303074
304377
318231
304272
303648
310106
309220
304585
305991
303544
303022
307345
306877
314898
305053
318648
307033
303179
302084
303960
310263
306147
304220
304325
307606
303387
305366
304637
321096
301512
304637
309012
302814
306252
304428
302867
304376
307085
309221
303543
410575
330158
305366
304429
303075
303960
303647
311877
305418
305158
305835
303231
303647
307085
326460
313388
304220
309481
303647
304689
305523
302970
304689
305210
309273
306877
304324
318752
304429
306772
309116
311252
308387
304116
304898
304481
303491
304376
309429
302554
316147
304221
309533
303439
304325
305782
309846
301564
303231
301772
303544
309585
305574
317919
305262
303282
303179
302866
302398
303804
310522
304898
303595
304481
302710
302397
321512
304742
309376
305002
310522
303544
304793
303335
305158
308127
304793
312450
310001
320939
303960
303804
303231
304741
310054
303647
305888
302501
310106
304429
303178
303752
319741
315158
309325
304377
304324
304064
302658
308231
305731
314012
303647
303752
405940
320314
307450
301824
306616
303908
303700
309064
308804
303595
305002
304376
303752
303179
316564
304012
311773
309533
305574
303648
303751
304012
303544
302085
303178
308648
310626
318127
304429
305679
303803
302137
303335
309794
305106
305001
306252
348023
307970
307918
318804
303908
304585
304793
303648
303751
311408
304065
303751
304689
303127
301981
305106
325053
309221
306199
304325
303700
304168
304116
302970
309013
303491
304064
305574
303231
316877
304116
313231
308335
306252
307501
304481
305054
302293
302971
305939
309429
305574
318804
307866
305575
302814
307762
307085
308543
302971
304116
304585
304637
303075
304428
319377
306616
303596
302189
303439
309377
306720
303543
305367
305470
303022
302554
303075
317345
310314
309117
306512
303647
314273
304012
304949
302971
304012
302449
305158
311252
324272
303908
304117
305574
302502
308179
305157
307919
305210
303856
305782
303908
367190
319429
303803
304898
303022
308856
307293
307763
305105
303231
303804
302606
303751
305419
324793
303439
306356
305314
308596
303543
303283
310783
306876
305575
303543
303439
304117
328751
304013
313907
303752
303856
304012
302762
301877
303855
308596
305054
303803
305158
315419
302241
304272
309221
303647
307450
304533
304585
302501
307919
310470
309950
307345
324064
304117
303543
305731
303022
309429
308075
308543
303699
307137
304013
303699
312971
322033
303803
304533
316877
303856
307918
302085
303595
302710
303492
309012
313960
351720
321096
304481
304949
302346
304741
309897
310523
303699
303596
305679
303126
308491
304794
324845
303231
304325
304168
304897
302294
304949
309794
304428
303960
305054
304585
304116
316669
309533
303699
308856
303908
305158
303647
338596
304949
317502
304273
305210
305314
322918
305731
308022
307710
304690
302085
306303
311200
303543
303596
303855
307398
304064
323543
306044
309064
305679
304064
303647
303075
302502
303230
309117
304585
305262
308491
331512
305106
304324
309481
304169
309793
303595
304325
304324
304638
302189
314064
304689
326616
304117
306095
303804
303647
303700
304949
307658
306148
326043
304950
309845
307502
321043
302814
304325
301720
304273
310054
305782
303544
305001
305262
302502
303439
303023
317241
309689
309846
306824
305314
303856
303491
307815
304376
309169
303751
303804
307554
318231
303855
304898
310731
304428
303700
306252
304533
302709
303544
309845
303596
366043
321512
304377
305106
303699
305106
309273
308960
310783
309793
308335
305575
304168
304429
318231
303230
309065
303907
309117
305158
304116
303960
302762
303595
305262
309377
304585
319429
306095
302918
301513
303022
311148
303595
305418
302085
306773
303595
303179
309116
323804
304429
308699
304169
303282
305887
302450
308856
305783
306720
304064
302867
343387
323022
305940
308543
303960
303543
305471
305418
304064
303543
319585
304273
309689
308648
322293
306460
305575
311199
303283
304793
303700
309220
304117
303439
305418
310002
303387
321929
304168
309012
305783
304377
303907
304325
301981
303908
310522
305366
304481
305158
317137
302971
303439
308856
303855
307502
303543
302710
302137
305054
309429
304012
337971
318335
305730
306356
301877
345002
305470
309793
303179
303908
307606
304324
303492
306564
316825
303387
307866
304116
309793
305731
357710
309690
306564
303804
311303
306669
309116
319429
304116
305158
305418
302450
303803
311148
304793
304377
303127
303647
302033
303647
324221
312033
303908
303803
302971
302554
308178
304742
308230
306565
305157
304898
304689
317971
304376
309585
304481
304429
304481
303543
303231
305470
325106
304585
309637
304168
325158
310054
303856
305887
303022
308023
309689
305731
312606
303960
303751
309481
306096
316564
304481
309376
303908
302971
304689
304429
301876
303491
310419
303960
303439
304429
321720
304793
307971
307449
308492
303439
305470
303856
306147
302502
302866
309429
303856
317606
304949
302242
302085
303387
308543
304793
307242
306303
308752
305887
304220
302190
317501
308960
305366
309533
304273
305158
305001
304273
304220
303023
309429
309897
335314
318492
306095
304637
303856
303804
303960
303231
306303
303960
309065
303126
303804
307762
317867
301928
305835
310054
303648
306980
304065
303803
303544
303908
310783
305262
344012
317919
304376
303075
301824
303700
309845
304638
305105
304169
310001
305888
302293
303752
319585
311460
308699
304273
303804
303699
303648
306460
302397
305054
309950
308699
364950
322971
306876
304325
303491
304741
305210
308752
305731
304012
304116
302919
302137
303491
325262
306044
304533
313908
303751
302346
303960
309481
304585
303751
303439
311460
302138
316408
335262
304741
313856
311095
306460
305419
305106
305470
304741
302919
303231
306147
325731
305835
304429
304220
307710
303179
304116
304012
302710
302502
303960
308856
308856
318074
303804
303023
302606
303543
310939
305210
304116
303700
304064
302606
306095
310627
323700
303752
304324
303752
304220
303075
304481
309220
305262
305887
303440
303907
370575
319638
304272
310418
303960
304221
303752
305783
302085
304741
323022
305940
321095
309116
317606
306148
303752
303074
302450
303908
312033
301720
309273
304220
303960
303439
303179
316512
305418
311565
307605
307346
302085
302762
304325
304741
309377
303595
303543
304950
314793
303648
307814
306460
310314
303439
306304
306512
304273
303179
303230
310783
304013
318126
303908
302866
301929
303283
308335
307450
304585
306616
310366
304273
304168
304846
319116
309637
308127
303543
306877
305939
304273
307189
303960
310522
304012
314273
304793
317450
304898
303699
302085
303804
310783
309064
305523
304949
303075
302189
304689
313439
315158
303492
305053
303492
302814
305314
307762
309325
302918
303648
302657
303440
376356
320210
303283
304741
302346
303699
312554
304845
303960
303908
306408
303492
303335
302032
320836
308855
311877
304533
309168
304898
303179
302970
306148
308439
304429
306408
308178
317658
305315
304689
303387
304324
310783
302137
304429
305523
302970
301721
304168
315627
319064
307450
329793
326668
329846
333387
323596
320470
313960
309690
305262
375106
418909
322293
305366
305210
307502
307658
304377
308230
303700
575993
354012
352242
359793
351461
311199
309273
306772
312398
303960
304012
304585
305887
302293
307138
314949
328231
311981
310471
305887
304741
321564
307762
303283
303908
311096
303335
304064
304429
324741
303543
308492
304793
309220
306304
303960
306512
310783
301929
304064
309169
305157
319013
304116
303335
306095
306929
309168
311929
306252
306147
311669
305679
305314
306929
316564
306147
309533
303700
304429
303908
303387
302449
307085
309169
303335
307970
308491
317711
306355
303960
307294
303283
309897
302294
304064
302710
310418
303596
305157
306460
411149
310053
306304
308231
305470
310679
305679
305210
303648
303647
301877
305158
475575
311356
312241
311304
304585
307294
305626
304012
326929
305106
304689
305523
308804
318283
304376
303231
303648
302293
305470
310158
303908
303804
303075
303439
302449
305887
323231
311096
305002
304012
303751
303440
302241
303387
304168
309169
308647
304012
305731
319116
303856
305419
303387
311720
305783
304168
303908
302815
303074
303908
308648
305158
319793
304845
303492
302605
303752
309273
305626
305315
305262
311147
304221
304376
303387
324586
304376
308960
304481
304168
303752
303387
303544
307397
305679
302397
305992
313387
329012
304377
304168
303856
303491
302033
304741
309429
307085
309533
303231
304950
307814
316981
302970
303387
309429
304377
303960
303908
304220
302450
303387
365783
310158
304533
317658
304220
304377
304272
306200
311148
308439
304012
304168
317398
303699
304481
303075
323543
302346
303856
303178
307346
311043
310002
303543
303700
305470
303335
303335
302398
317814
310470
310419
305574
304169
303804
305470
305054
304012
311408
305626
309846
304012
319116
305367
305366
302866
303856
310366
304742
307033
309116
304585
301929
303855
310835
322919
305939
303856
302918
303492
307605
306304
308283
304637
304481
305991
304690
312658
315626
303231
303752
310626
302710
304377
304169
304272
302814
303439
309273
303387
380315
318856
304897
305262
302450
304272
310523
310783
305106
303960
307658
302657
307971
305627
319845
302033
308439
303648
304064
304220
303492
302033
304637
311147
305002
303491
306981
320314
305523
303126
312085
305471
307814
304429
304168
303439
308492
323491
308596
305835
326095
304637
311616
304898
306200
308491
303439
304220
311304
309221
303126
303960
304273
320523
303230
304377
312606
308387
303439
303596
303387
304324
309794
304793
309585
304116
317242
304168
305366
309533
302867
302605
303908
308179
303543
303648
304272
309846
363127
317554
304064
309793
303908
303648
306199
304742
302085
303595
326096
306408
311407
312346
319064
305471
306512
305158
304116
303752
309480
305992
307554
303439
304168
305575
305470
323439
303908
305262
303752
302814
304585
305419
309324
308908
303908
304689
304064
303127
316512
306252
310470
303908
312033
305054
304429
338283
305158
306095
303231
311929
310887
355054
306669
304064
304741
301773
305210
308855
309273
302866
304273
305158
305939
302814
317814
308908
304898
310418
304950
304845
304012
302971
306720
304221
309116
309429
305522
317919
303178
301564
305367
310939
303543
304637
304742
302710
302397
303439
309377
303752
319689
304220
304221
305887
310002
310210
307918
305366
311044
304116
305314
305627
303335
316147
304065
309637
305001
305002
303700
303439
302606
303335
325158
304533
310678
304533
317606
306200
306772
306304
303387
304950
305002
310887
309324
304950
307033
304168
338388
321199
306825
309012
308439
303804
304324
303804
304377
307814
304012
308856
303596
304376
317242
303126
302762
304898
310158
302970
307137
305575
303543
304325
303074
302138
303491
323856
304324
305367
303855
304585
301981
303960
309742
303803
318440
306512
305522
305523
318908
306199
302294
303751
303752
309220
304898
305575
304012
304585
303595
304846
308751
322919
306043
305366
307085
312085
305367
313751
305106
304794
307085
302449
310731
304273
317606
306303
304429
302033
304950
313543
305158
303752
307970
302658
302658
308595
305783
317137
309585
308492
304064
303960
305002
307553
349013
305418
303908
303960
303752
303751
316460
303440
304064
311199
309221
304325
304480
313492
302762
302866
304377
310314
304220
318335
304325
303075
301876
303544
309272
305158
304689
305106
302606
305262
304950
313126
321408
305888
305053
303335
342242
302293
303179
311043
303804
305731
304168
305314
307033
316773
302814
305939
309221
308387
303283
304272
303648
303074
311304
304169
302866
303491
316825
309168
304585
303856
308439
305314
306617
305678
301408
308023
312449
312085
312867
323075
304168
306356
303439
305210
309116
303856
304012
304116
302971
304116
303595
311148
322814
304169
304168
304481
303127
307501
303804
310054
305731
305418
305887
306356
364064
317398
302137
309741
303856
311304
303960
305471
304168
303908
314793
303960
304169
305105
321981
304794
304168
305418
305262
302138
306199
309064
305887
304585
302554
305783
302919
323908
305574
308960
303544
303960
304532
303127
307502
303752
312085
303074
304794
306407
319742
303699
309221
309793
303491
303648
305835
303960
302554
306304
309324
309012
303856
319794
305835
304428
311044
302033
308387
304220
309169
304168
304220
303752
309898
307657
315523
302606
363231
303075
310783
304376
312606
308335
305783
302658
304064
319481
304377
317866
307866
307294
304324
306825
303439
303439
310679
307866
303908
303492
303699
303439
317138
311303
308179
304116
309950
316460
304637
306825
303283
307866
307293
310315
306876
317554
304637
304273
302137
305106
312449
310210
308856
310783
307346
304220
304637
304429
317762
303179
308231
307606
310626
303908
304533
306825
302710
304116
303283
310418
304221
319897
304377
303752
303960
302918
301773
304741
311199
304065
303908
304220
303075
304272
317398
348647
310627
304533
304481
304116
303075
302710
303960
308804
305105
304429
304689
316825
303023
302866
309116
309429
308022
303752
303908
304377
310731
305314
303283
304220
321773
308960
309272
305315
306355
304273
302397
307815
303855
308179
303179
306095
334169
317554
302085
303491
310887
308700
303804
304376
303648
302762
309741
305939
308127
305679
319689
304898
303022
305470
305471
309533
304689
304012
303700
303543
305262
304898
310731
325210
305470
303387
305210
303491
303388
304376
310367
303491
305158
302918
304064
308283
319742
304741
304272
307502
304273
308387
303595
303960
347815
305678
303908
304846
308908
323647
303439
307867
304012
302658
304064
303179
303022
301721
303230
310523
308022
304429
324585
309065
306147
302554
309272
314742
304533
303387
307606
309741
302345
311356
312606
324846
305730
303648
305314
303231
305210
305939
310991
302242
305835
301408
304637
305731
319428
305679
304221
303543
303960
313179
304012
304637
304377
305158
301876
303387
369950
334898
303804
304429
306095
303752
301772
303387
309117
307970
303387
303908
304898
303230
319117
305001
309273
303647
303752
303543
304117
301876
304950
309637
303543
305315
307137
317814
303804
305522
309221
303803
305263
304012
304220
302189
303648
321981
303543
310262
321408
303960
310992
305105
306200
303856
305887
308022
306148
311408
303700
303960
306251
318700
302606
303231
309064
303491
304168
303856
302710
303439
303283
310835
338752
307554
320262
307294
303699
303596
304064
310991
305366
304377
304325
302449
301616
309273
310939
323387
304846
304272
303335
304585
303127
306877
308699
303960
304898
303074
303544
314272
318023
302450
307397
309637
308960
311356
303543
303908
304065
302762
302241
303127
372762
326929
305783
308491
310887
303439
304013
303647
308856
309689
304689
303908
303596
303074
320158
305679
312398
303074
306408
305835
304689
304846
303335
311720
305054
304481
305002
320314
306929
304064
301720
303231
309116
305106
304377
304168
305783
303908
303179
302814
318283
310783
309325
303491
304689
304325
305262
304793
301616
304012
309169
310470
306356
318960
304273
303335
302606
303647
308804
304116
303491
307294
302970
301877
306251
322659
322814
304064
308283
312345
302502
307918
306044
308387
303231
306356
303751
308179
377138
317553
304169
311772
304012
304273
303856
304741
302658
303752
324324
304117
309480
308231
319585
304325
304064
303439
302815
303647
308543
303387
311773
304950
306251
305002
308387
319325
304793
309012
306877
304533
305887
304220
304481
303544
311043
303335
306304
306043
322085
304117
302501
303387
303856
303127
306356
308595
304325
304949
307398
302710
306199
323596
305887
308804
303595
303908
304012
303283
305992
304064
336252
306147
309585
306460
319273
306303
305783
312242
304481
302033
304012
310053
303544
304741
303595
311044
303022
317033
302658
303387
309065
309116
303908
304949
337763
306251
303804
307033
309533
306564
320523
304376
304117
308439
308804
304689
309637
307345
305627
305991
304377
303908
303856
323700
305366
305210
303283
303595
302294
306407
310731
304169
308491
301408
305106
304168
318491
302137
302867
308908
311304
305991
305887
305418
305106
307971
304480
310210
306513
323335
304064
304689
303595
304481
304012
303440
310574
303700
305835
306616
302970
303179
319325
309429
310522
304742
303803
304481
303179
308387
304220
309117
304428
303960
351252
320367
303804
308387
306981
308543
304168
305523
304376
303127
314325
307085
301668
307502
327814
305523
307658
304012
306043
303648
304116
310366
304012
306773
304897
305575
302762
318283
304012
303075
302970
304845
311461
303387
303335
306980
302554
301929
304012
310314
321877
305210
305887
303752
303022
308283
304637
310523
307085
304064
303856
302918
305627
318075
309897
304012
303179
304689
303179
303231
303699
310836
303699
307971
303907
317086
318439
304064
304533
310522
314325
309377
305366
303648
303803
302502
305418
310210
377450
325783
311669
304377
303855
302398
303856
311356
304793
304220
303856
302658
304846
304116
323283
306929
305678
360054
306721
304793
304481
303127
309116
304585
305366
307502
304533
316616
309377
304220
308960
303804
303804
305783
303179
303543
302710
304689
308439
310210
317450
305523
305887
302918
303596
305835
310678
302346
305835
305731
306251
306096
303699
324429
311512
305158
303960
339221
306304
308543
303804
304168
306929
315991
310679
316096
336720
310419
312762
327970
311148
306981
310314
302502
307449
303856
305418
310575
306616
324794
304220
307554
303856
305626
303960
309117
309637
307710
307241
305158
307502
307189
317866
305471
308595
304585
308960
304846
303491
304325
304845
302085
305783
311773
304064
321251
303856
304585
306044
305522
309689
309690
303699
303439
303231
303596
302762
304897
324794
304533
311460
303908
308543
306304
303022
302137
305679
309429
303283
306408
306616
319273
305522
305366
312971
304168
303804
306095
305471
304533
307918
306200
306356
312397
325887
305835
303752
305314
302710
303335
304221
309324
303700
305262
303439
302814
303440
320210
309897
303648
304845
305366
303127
301773
304533
319533
308699
309429
303908
304064
318075
305835
304585
309949
304533
309169
306199
303804
304429
305470
303335
305627
314272
320106
305783
304533
304585
301564
303179
308804
308127
305418
306512
304116
305158
306877
316981
308856
308543
311460
303856
303648
307918
302918
302606
303856
309012
305054
308231
319012
303127
303595
303439
312971
305418
303856
304429
310418
303179
303856
303022
303700
317970
305575
310627
303282
304846
303804
302501
301825
303439
309481
309585
304950
304637
316772
307606
318544
324845
322502
340054
336720
338648
331044
306043
311148
305730
465732
313023
311824
303908
305731
304221
304689
306564
307658
308908
309168
346460
343648
358335
336513
492450
349481
303752
309585
309325
306981
311147
304012
308648
311199
319690
303751
305002
305731
306564
321148
304429
306043
303804
304220
303960
303648
302553
324846
313700
311980
308127
304846
304585
303126
303908
309637
310887
303127
302970
305315
318126
311408
310627
307814
304742
304168
306095
302137
305627
308752
303231
307658
304064
317970
303752
305262
310939
304794
305158
306720
308075
303439
306512
314272
312919
309377
318387
305991
306929
305054
303491
303283
305054
309324
303543
304690
303751
304273
307970
318335
309585
306148
308231
306981
306095
303335
305054
306512
310679
302762
305731
309637
323283
304481
312814
305835
304012
304637
303231
309481
304116
304012
310314
303492
304689
318752
311356
304480
303752
304637
305471
303335
303699
306148
302501
301981
303804
314637
315158
304585
305054
304064
301929
302502
302032
303700
309533
303647
304638
303387
303231
317189
305158
309793
303543
303648
306772
305731
304533
303387
326877
310887
306877
312450
317033
304272
306929
303908
305366
305366
310679
303648
306043
303856
306877
301980
432815
326929
303804
302085
303752
310626
303700
304429
303595
304377
303491
303960
309116
303752
320991
304690
302085
306668
308283
305418
308908
304273
308595
303596
303439
306824
303596
316720
304950
308752
305574
304116
303804
305002
305054
303647
303387
304012
309742
304428
322710
305315
302866
301564
306668
309377
303700
304168
303491
304481
302502
303022
309898
399690
309220
304273
304428
304898
303647
306148
305731
310679
305366
303856
309272
326408
317658
309325
304949
308388
304585
305887
307553
304585
304585
304585
309742
304533
398127
322658
306668
304169
304585
306356
302189
305158
311251
324690
316043
318335
304741
317658
304533
303700
303700
303178
308908
303127
304012
304377
304793
301668
303387
312242
322866
304741
304481
304169
303178
308023
306408
310001
304846
304272
306513
302814
306095
317710
310783
304846
305210
302762
302606
304845
303752
309012
305783
304949
304273
383908
316669
304533
302501
304117
303387
309324
308856
303283
303700
314585
307970
305471
303647
318596
307345
313700
302085
304012
304220
303075
303179
306251
309117
305001
306564
306617
318335
304689
303700
310157
309169
305470
305523
303699
303648
308491
304064
309533
306565
317501
305887
303387
302450
305470
309846
304272
307033
302762
307763
303491
303335
312241
324533
304012
309012
305158
304117
303803
303075
307398
304116
323699
305731
310315
304324
320471
303908
305939
310470
305575
310939
304429
303804
304116
303074
302815
308803
311356
323752
304377
303803
303179
303231
303960
305471
311407
305106
303856
304221
303126
302762
318335
311513
303699
304898
304533
307033
303751
305002
312814
311148
303543
305470
367450
318283
304898
305522
301460
309169
304845
310939
303700
304221
309168
304637
302241
303752
317293
305731
310002
303752
309897
307293
305002
302398
303439
311043
307866
349482
306303
318075
305314
301773
303439
308647
303440
304324
304273
305053
302763
303960
308803
304533
318127
304220
304638
305418
303231
311095
311825
304585
304116
304012
303283
307033
305418
325523
305158
306877
304897
303283
303856
303491
303908
305262
327554
307502
310574
305679
320210
309481
301981
310835
309481
305366
308856
303856
305627
303803
303231
310471
304064
324377
304481
305418
302710
303231
302606
304793
308856
303856
303699
305783
304064
302346
323127
305730
310002
306252
304168
303908
304064
302606
303491
309273
307918
303908
304585
317971
302710
304637
311095
303700
304741
306773
304324
302919
307189
309585
307137
302606
321616
310939
307971
303908
305522
303283
304950
305366
311043
309012
303700
305054
394012
319169
303960
302345
304637
312138
305678
303596
303751
302919
302189
304116
319689
310679
317658
304794
304376
303387
302450
305470
308752
303596
313855
303752
302606
302085
303595
324533
305315
306824
303491
305888
302293
305574
309898
309845
309273
309325
310522
304585
322658
305887
304012
305888
305157
304742
310158
303491
309585
303700
302085
304168
305991
325262
304742
313856
309012
309376
305158
304065
303803
304794
303647
304533
309898
308335
317397
306512
307502
308231
308908
304324
308804
304273
303647
302710
303960
308439
303596
325262
308439
303752
303908
302814
302450
304897
309377
305627
306668
304689
305575
307189
322137
304793
305315
303335
304168
303960
303595
340471
308908
304064
303491
303596
339377
324272
302554
312137
311304
307085
304793
304221
304637
303856
303543
313439
303387
306721
317189
303439
305054
303752
310991
304793
308440
305053
304169
304168
303700
309064
309272
319169
304168
303544
302710
305418
306720
310419
305731
304428
305523
306199
305783
302502
316616
303960
305887
302502
309221
303178
305002
303908
303491
302346
304585
309689
304220
318596
305418
303179
301772
306200
309429
303647
303492
303751
305939
301929
305054
310731
322606
306981
305730
309013
302918
302397
305158
309013
306407
304377
304012
310783
337658
320940
303126
309221
304533
306876
304950
305418
301981
304898
325522
306669
311460
305522
318700
303908
302918
302971
304949
302398
303335
310366
306616
305210
303752
303179
303803
323492
306304
310470
304793
306148
357866
303544
304324
303283
301877
303804
309845
305262
319950
304845
304585
303283
308700
305054
310991
305418
304481
303856
302814
302398
304533
324741
305835
304481
304064
302814
302919
303647
310471
303595
304012
307346
312241
307762
317710
303700
305262
307762
303283
302397
304273
304741
303648
308908
305105
310262
306565
317554
302293
303856
309064
303752
305366
304949
305367
302033
303595
312866
308596
304220
318075
304325
305939
303126
305575
312502
306043
306148
303803
302815
304637
307866
352866
324950
308387
306721
303960
303074
303752
303856
309949
304273
308075
303074
311512
303908
317346
304428
303179
302033
349325
306460
312918
305106
313179
303127
303803
304846
305106
318387
303908
313439
305054
305418
303960
303179
303908
305679
309897
308596
303803
304742
317970
305783
306096
304845
309585
305054
304324
304221
304533
303908
304376
311044
306668
319533
305887
303023
303595
303387
310627
310523
304376
305523
319689
307450
304012
304793
319273
303647
312189
307242
309793
304116
303596
304012
303022
302346
303022
314169
304428
323596
303491
304012
304117
303126
303179
305262
308648
304272
304012
304221
356147
303804
316200
304220
314429
307554
306147
304429
303127
302554
304533
312553
308960
305106
306616
319273
302866
303179
308439
309221
305262
306199
303804
302762
304429
306356
302866
307346
317085
304324
307762
306929
309898
305314
303908
307241
304950
302241
303804
309168
306460
323335
303908
303960
303439
304794
303699
305367
305158
305991
303179
302189
306043
311616
322815
304585
304533
304220
302814
309116
305731
308700
306564
303648
303543
302814
339898
321720
305835
311252
305627
304220
305939
303127
303543
305315
324689
306981
310470
305783
319012
303960
304221
302397
303752
309116
309429
303648
305105
301148
304637
308439
305627
322554
304324
309585
305731
304585
305314
303075
302398
303282
308700
305679
303647
304221
317293
304481
303595
309638
304064
305314
303647
314898
302085
303752
310574
309898
304272
317138
306095
305887
302346
303543
310835
309637
303595
304585
307242
310991
309481
301877
320314
346200
312970
303960
303960
304481
308543
302971
303335
309741
305471
303335
305314
316876
303596
306460
308179
303074
308387
303492
305678
306408
303335
301773
303022
310523
321773
309168
305939
304846
303230
306721
305054
311408
305001
311981
304429
303074
351617
318908
306356
309845
303700
306356
303908
303543
304741
303804
323856
305991
308960
306565
318335
305574
303804
304012
311460
306616
308596
303752
303751
305783
303127
302293
304012
324117
304741
305210
303543
304221
302501
301617
302866
304324
312033
304898
303856
308179
319324
305366
304325
308491
310888
308230
305002
304168
305158
308387
305940
309168
306773
319012
304168
302970
303179
303960
310314
304013
304116
303126
305627
308648
304272
302502
323439
309741
303596
306668
306408
304169
303647
304168
310992
310366
307085
303595
359377
319221
306200
305678
303283
310523
304897
303439
304117
304012
303699
303231
308075
307449
326252
304585
306252
303700
303699
302450
303543
308908
306408
305575
301928
303596
302137
317085
309116
309533
305314
303856
304273
302501
307710
306096
343335
302606
306720
304065
323491
305835
307137
305418
303856
303283
303752
310470
303283
304846
306928
305002
302814
321721
304637
309168
305835
305471
303178
303127
306200
304064
309064
304533
310991
307190
319689
304689
303491
305054
303804
310835
303439
304273
306668
303335
301981
305314
347919
326095
305262
304273
305939
303179
301512
304949
309064
306200
308335
303231
345471
309585
317866
304950
309220
308856
300106
305731
309741
303387
304377
303960
304324
303596
306981
327189
304741
304533
304273
302970
302397
305627
311356
313335
304012
303908
305783
306668
318127
303283
305314
307242
309272
303543
304690
304741
305731
305991
303439
313596
304637
319272
305679
303543
302971
303491
309898
307762
306512
303647
308544
306356
303231
302345
324116
305262
313700
303856
310783
305210
305731
304949
304690
310157
305523
310158
304272
319117
302762
304637
311773
308178
303804
306929
305314
314898
302241
304377
310001
305575
319012
303960
304637
303908
303752
302866
303752
308647
304221
304533
303074
302814
338440
321720
302606
309012
305419
304168
303648
306303
301981
303648
326668
304950
309273
304168
318491
305314
302502
304064
303856
310887
309638
303230
303961
305574
306616
303231
307085
322242
304376
311721
303179
306356
303543
303231
305470
306721
309012
303387
303283
304481
316616
303387
304013
315470
305679
308543
305002
305158
307137
306877
306147
304117
310783
323699
303596
305418
313283
302815
303230
305263
315887
302606
308543
303231
308804
305314
316460
302085
304585
309012
303387
303752
311356
303179
301668
303700
309116
305366
308960
317659
307553
304065
304324
303752
302762
303595
303544
309637
303595
303752
305419
320053
315836
308074
304950
307502
304012
308387
308231
309429
303751
311304
303439
302867
403491
318388
303803
311148
304116
305679
304221
304949
303491
341148
306304
303856
304950
308699
318335
309637
306565
304012
304845
304325
302658
302918
309846
303283
303647
306877
304168
316513
304793
311512
309898
305053
304065
303699
302606
302814
301929
303127
312085
304741
316981
305471
303960
302918
317033
304481
309585
304221
308908
304272
303804
304012
312085
317085
304012
308960
304325
304325
303856
303230
303023
302918
323752
305731
310887
305210
318283
305627
303648
301980
303283
302606
305523
309845
304117
303595
304168
303283
303700
322085
306148
308856
303751
305887
303752
303335
304533
303231
308856
303647
304117
305366
317293
305471
303908
309220
303283
304273
303647
302763
301824
305106
307658
303127
311408
320262
303908
303595
302867
306564
303283
311043
308700
306147
303440
305001
305054
316825
383335
307190
304428
305471
309637
304325
310626
311304
305835
303752
304064
302346
307293
325523
304324
305888
304220
304168
305575
303127
303074
305262
308752
303752
304116
304533
316408
302606
303960
310679
311304
305522
303752
302762
303596
303908
302345
305366
341825
318492
303387
309012
303804
304168
304533
304377
302345
305575
328335
303283
305106
303543
322867
304637
308856
311668
333804
323595
324221
361304
400055
423804
397346
323023
337554
338752
318178
323596
306200
313908
307501
306669
304637
303543
305887
304950
662920
318075
325835
329065
332814
314273
305314
309012
309064
307137
307242
310314
334637
315106
306408
309012
304325
304116
303439
360992
304116
308752
303648
305991
311929
333908
304481
309220
305887
303752
304793
306304
310419
305158
306616
303908
303856
307241
324429
306616
310783
304221
303804
304533
304428
301981
304689
309117
303387
305470
304846
316824
304429
304325
308960
303491
305471
302293
303179
302397
306356
313283
303544
303856
317918
304064
302814
302867
303335
303491
309012
309950
303960
303647
309377
303387
305731
317971
303647
302554
306356
312554
309064
309741
306981
304637
305783
307554
304846
310731
317553
306981
303856
303179
303700
304064
309429
304012
304897
306669
303074
306044
307554
325210
311616
305366
307346
303543
303283
302502
304637
309377
303231
306408
303699
305210
316512
306565
310158
303803
305575
308023
304064
303595
302815
303855
305002
303804
303543
326617
306720
305783
310314
305210
304429
315731
307450
308491
303335
305314
303231
306044
329637
304168
311877
304950
304012
304377
309116
304377
304480
305419
303127
302866
303387
322970
305731
304533
303335
305106
302502
303804
309116
304481
303908
304533
304377
306460
321668
318283
303075
302449
305627
312502
308804
303856
305366
309845
304273
305522
305315
316460
302762
304637
310158
312137
305939
303804
306304
304221
305105
304481
310575
306408
321616
303960
304637
301981
303804
311304
304585
303752
304012
303439
303856
303647
361096
323127
311252
304012
304429
307345
304325
307866
303752
308439
305002
304324
304117
305001
316617
306512
308752
305366
350002
305627
306303
305471
305679
304741
307710
304794
303595
316304
307606
310418
309012
304273
303960
303595
304012
308388
303855
309273
304012
305210
318960
305054
304377
304012
309846
304689
303022
304169
302501
301981
304689
311617
305991
317450
305679
303178
303492
304637
302554
303595
309012
303439
304794
303960
303074
303075
323960
306200
310158
305210
304116
303596
302658
304012
304897
328700
303491
311148
302762
323648
304428
303961
303803
304690
302397
303075
309428
303179
303179
305523
305158
303387
317501
309950
310939
306252
307033
304064
306148
304897
306877
311356
307241
306721
304897
319846
304012
305054
310835
303700
304428
304325
302658
302241
304169
310522
308804
305575
321304
305105
303231
302815
303178
309273
303439
303856
304064
306669
309272
304221
366356
319325
301668
309168
305783
308908
303752
304220
303440
304012
303751
302763
308439
305418
318648
303595
302814
303700
303596
311876
303387
304325
303752
302710
302606
305314
310679
323908
307866
304221
303803
304533
308231
304377
307866
303387
308648
303387
303648
306772
315887
309638
305105
305731
305210
307346
304012
302762
304377
303022
320210
304325
313179
319012
305731
304741
304846
304897
303752
303752
302970
302085
304325
309325
304116
327866
320887
306617
303074
311044
305106
308543
304533
308075
308491
307293
306617
309897
353284
324793
303804
303960
306147
303283
304690
305001
310367
304585
303439
304168
303179
301877
321981
342293
312763
303126
304794
305053
303908
302710
305888
324689
304377
308751
309273
318231
305210
304116
305731
304325
308231
308595
304064
308596
303960
303647
304273
304741
317085
303283
308856
305262
305471
305887
303022
304846
303543
310523
303231
305574
304117
322085
306720
304690
302345
306720
310367
310002
304168
305158
304377
304585
308074
305835
325419
302241
305575
306147
304846
301876
304013
308803
303752
307710
304273
309376
305992
320939
305575
303178
302033
303440
308751
303908
304377
303543
306304
305106
303023
302189
317450
309585
304012
313543
304377
304064
301877
305835
310314
308596
303751
305523
371044
318751
304794
305106
303074
308700
303804
307762
305002
303595
305471
303439
309376
307971
317554
304012
303595
302242
303126
309585
303283
305992
306460
309324
307033
303440
306772
322762
304585
311773
303543
303752
306512
305575
302033
303908
308699
303231
308804
305523
320887
304897
304117
302189
303075
310887
303491
307398
303855
303127
304481
306721
308960
324272
308492
308595
304950
303335
305054
307085
309116
313335
304012
303387
311773
301981
316512
310523
304116
303335
303908
304949
307138
303230
310054
326408
305523
308595
304429
318387
306096
305783
303543
305314
312138
305522
303700
303960
304533
301616
303231
307918
316669
314429
303283
320678
304013
309220
303960
304481
304116
318908
302242
304324
344065
327554
305626
305315
302970
304116
302085
303179
308387
306669
303283
304012
341877
307241
314325
303647
312398
303699
305679
303387
303075
306720
303856
