27565313
24951927
17366198
17464427
17538906
17355938
17359844
15660833
13274167
13542135
13425156
13200886
13304895
13472709
13417552
13768333
13455729
13509479
13306459
13451562
13338334
13493489
13265156
13271928
13505416
13370104
13261511
13464479
13331667
13307447
13616250
13628542
13553073
13534948
13460260
13181823
13464323
13396198
13424375
13448854
13213334
13519010
13320625
13302969
13508437
13375052
13343750
13289896
13540052
13249792
13761302
13282760
13235052
13181146
13656771
13312396
13587604
13561094
13460260
13497292
13237552
13842500
13391458
13340313
13375937
13395677
13314792
13401510
13366771
13512032
13620625
13241093
17896667
13541771
14332239
13488438
13736771
13307448
13313177
13418802
13321354
13534062
13489011
13277864
13072657
13217656
13360677
13261094
12987135
13507396
13665521
13757083
13641250
13251719
13565677
13413854
13486563
13449166
13237917
8444060986
27975000
16961250
13198021
13770365
13322760
13591042
13265885
13395625
13358229
13238698
13021511
13423541
13547761
13366302
13405781
13245677
13188438
13130989
13397708
13538282
13166302
13267552
13466510
13356563
13417031
13074635
13103438
13384375
13060833
13500729
13227344
13198750
13232500
13393125
13296563
13323958
13469167
13197135
13120104
13339896
13228021
13307135
13214323
13229375
13315521
13509844
13136041
12974375
13574948
13359011
13080885
13566823
13198333
13044115
13504740
13210781
13181041
13399844
13130938
13136823
13400885
13381875
13096198
13422864
13356250
13150990
13418906
13377344
13195885
13449532
13266302
13125156
13084583
13473750
13321615
13380260
13289740
13187864
13259428
13504843
13476459
13312031
13354896
13945156
15563542
14524062
14277500
14835625
13725261
13332604
13715573
13731041
13440677
13804063
13538281
13886615
13618593
13315417
13457031
