3449006
2680281
2573930
2644605
2371123
2671167
2421799
2219254
2611064
2617626
2581951
2777465
2648823
2574659
2671688
2566117
2801058
2349510
2194827
2260086
2186702
2274200
2452580
2267793
2577940
2365135
2907877
2419821
2597314
2548202
2600283
2422789
2236805
2722987
2896160
2543879
2443465
2350083
2271022
2192275
2793351
2495494
2376801
2553566
2466590
2496223
2266857
2189462
2418675
2358416
2277168
2496901
2584971
2532994
2365342
2478152
2347687
2509869
2492162
2297949
2330292
2209097
2208473
2230659
2201286
2741893
2486589
2388675
2547733
2414664
2617262
2425549
2514348
2515442
2749914
2384040
2406696
2423466
2688718
2460808
2502005
2562837
2722102
2457007
2771423
2461434
2500911
2504974
2337895
2403467
2721373
2417945
2396852
2522057
2668198
2685228
2330188
2260346
2733612
