2985475
3806628
4184102
3088295
4166497
4636427
3539733
2534766
3887935
3951274
966267
1246444
1733405
1903262
790421
714479
716405
707134
2006603
1523755
917983
1317438
1081067
1046951
1099349
1056743
1035595
1049190
1077890
2215628
2078118
1548236
772347
745314
727084
706509
706248
1051951
1067472
1057681
1041741
1042367
1182897
1060805
1041013
1038928
1096850
1041429
1043565
1055961
1061587
1355930
2052335
1672047
762451
1086380
1056951
1035647
1040596
1058878
1061430
1045023
734584
1642983
1121956
1053148
1068150
1063826
1043617
1040022
1267956
1061118
1038304
1792785
2340793
1615376
1090443
1037470
1037679
1249777
1058931
1035439
1031220
1055544
1052836
1040075
1069295
1074453
1063878
1037002
1177636
1052107
1030387
1023771
1051742
1048305
1035699
1052628
1070025
