1711591634698565730
1711591634752898226
1711591634795349206
1711591634833391089
1711591634871575419
1711591634910033862
1711591634948210172
1711591634986131534
1711591635023887741
1711591635062162956
1711591635100610618
1711591635138349794
1711591635176847091
1711591635215094129
1711591635253380021
1711591635291465966
1711591635329705817
1711591635368033219
1711591635406132810
1711591635444380473
1711591635482297825
1711591635521092830
1711591635558724506
1711591635597082116
1711591635635437904
1711591635673693900
1711591635712010157
1711591635750441986
1711591635788525431
1711591635826407262
1711591635864729144
1711591635902513007
1711591635940706191
1711591635978461304
1711591636016890320
1711591636060894680
1711591636098724167
1711591636137127090
1711591636175691940
1711591636213702468
1711591636251684664
1711591636290066857
1711591636328888477
1711591636366745100
1711591636405356407
1711591636443271832
1711591636481959493
1711591636519923564
1711591636557941332
1711591636596087225
1711591636633654474
1711591636672025053
1711591636709893811
1711591636748119339
1711591636786170805
1711591636824239875
1711591636862378111
1711591636900411400
1711591636938409064
1711591636976547874
1711591637014239914
1711591637052766951
1711591637090481491
1711591637128701238
1711591637166519736
1711591637204579327
1711591637242376575
1711591637280735748
1711591637318581225
1711591637356961961
1711591637394834834
1711591637433270829
1711591637470835943
1711591637509446417
1711591637547398769
1711591637585808931
1711591637624032167
1711591637662222331
1711591637700123381
1711591637738297346
1711591637776928237
1711591637814470955
1711591637852764607
1711591637890773417
1711591637928974622
1711591637967157442
1711591638005203230
1711591638043078082
1711591638081318141
1711591638119524450
1711591638157437844
1711591638195383112
1711591638233341766
1711591638271286878
1711591638309409646
1711591638347221217
1711591638385337579
1711591638423236597
1711591638461567958
1711591638500008902
