1711590825110171921
1711590825112746912
1711590825115142789
1711590825117354084
1711590825119877981
1711590825122378441
1711590825124649162
1711590825127020664
1711590825129443312
1711590825131965022
1711590825134324441
1711590825136578131
1711590825139129997
1711590825141552801
1711590825143783939
1711590825145958619
1711590825148170486
1711590825150299750
1711590825153050626
1711590825155422284
1711590825157612589
1711590825159802164
1711590825161975282
1711590825164410482
1711590825166614536
1711590825168868383
1711590825171113010
1711590825173256388
1711590825175416224
1711590825177556582
1711590825179820011
1711590825181969535
1711590825184159006
1711590825186307697
1711590825188534877
1711590825190676536
1711590825193314651
1711590825195629383
1711590825197800469
1711590825200001034
1711590825202319724
1711590825204801330
1711590825207030854
1711590825209218815
1711590825211435682
1711590825213574164
1711590825215753219
1711590825217923211
1711590825220184922
1711590825222351946
1711590825224577615
1711590825226742972
1711590825229016610
1711590825231198998
1711590825233370189
1711590825235524973
1711590825237668299
1711590825240129540
1711590825242454115
1711590825244682389
1711590825246852641
1711590825249131956
1711590825251313615
1711590825253460743
1711590825255660631
1711590825257824426
1711590825260092126
1711590825262362743
1711590825264612944
1711590825267283924
1711590825269692510
1711590825271944845
1711590825274147129
1711590825276866078
1711590825279264716
1711590825281424083
1711590825283631159
1711590825285780214
1711590825287953383
1711590825290089678
1711590825292331337
1711590825294705599
1711590825297249028
1711590825299616572
1711590825301809272
1711590825303990567
1711590825306159622
1711590825308397947
1711590825310563929
1711590825312861942
1711590825315040476
1711590825317212500
1711590825319395877
1711590825321569464
1711590825323805862
1711590825325947157
1711590825328714751
1711590825331203492
1711590825333376714
1711590825335715820
