1711676869000509800
1711676869000515329
1711676869000517336
1711676869000519005
1711676869000520734
1711676869000522417
1711676869000524058
1711676869000525779
1711676869000527553
1711676869000529234
1711676869000530793
1711676869000532841
1711676869000534549
1711676869000536274
1711676869000537960
1711676869000539685
1711676869000541364
1711676869000543396
1711676869000545507
1711676869000547170
1711676869000549488
1711676869000550644
1711676869000551909
1711676869000553037
1711676869000554136
1711676869000555245
1711676869000556659
1711676869000557755
1711676869000558829
1711676869000559896
1711676869000561254
1711676869000562404
1711676869000563624
1711676869000564831
1711676869000565968
1711676869000567088
1711676869000568508
1711676869000569672
1711676869000570889
1711676869000572039
1711676869000573221
1711676869000574333
1711676869000575734
1711676869000576879
1711676869000578019
1711676869000579128
1711676869000580310
1711676869000581758
1711676869000582887
1711676869000584048
1711676869000585167
1711676869000586260
1711676869000587339
1711676869000588684
1711676869000589720
1711676869000590751
1711676869000591800
1711676869000592845
1711676869000593925
1711676869000595084
1711676869000596519
1711676869000597660
1711676869000598782
1711676869000599920
1711676869000601038
1711676869000602076
1711676869000603119
1711676869000604246
1711676869000605334
1711676869000606491
1711676869000607674
1711676869000608818
1711676869000609895
1711676869000611008
1711676869000612150
1711676869000613246
1711676869000614310
1711676869000615343
1711676869000616775
1711676869000617906
1711676869000619001
1711676869000620145
1711676869000621281
1711676869000622373
1711676869000623510
1711676869000624897
1711676869000625981
1711676869000627251
1711676869000628646
1711676869000629731
1711676869000630757
1711676869000631817
1711676869000632886
1711676869000634007
1711676869000635168
1711676869000636786
1711676869000638200
1711676869000639336
1711676869000640514
1711676869000641626
