1711591710993484356
1711591710996107960
1711591710998471260
1711591711000885756
1711591711003339052
1711591711005694384
1711591711007940813
1711591711010120839
1711591711012350498
1711591711014517607
1711591711016747371
1711591711018903856
1711591711021213616
1711591711023406922
1711591711025572157
1711591711027881969
1711591711030439065
1711591711032974754
1711591711035352221
1711591711037551048
1711591711039831486
1711591711042226816
1711591711044702352
1711591711047209501
1711591711049499835
1711591711051725745
1711591711054064046
1711591711056849258
1711591711059117353
1711591711061304253
1711591711064017020
1711591711066488702
1711591711069176678
1711591711071648568
1711591711074022284
1711591711076301421
1711591711078489050
1711591711081332125
1711591711083844066
1711591711086168878
1711591711088587228
1711591711090749129
1711591711093252580
1711591711095738376
1711591711098346303
1711591711100744446
1711591711103165817
1711591711105486254
1711591711107876272
1711591711110251238
1711591711112729482
1711591711114960183
1711591711117176145
1711591711119457729
1711591711121621557
1711591711124183913
1711591711126480340
1711591711128749946
1711591711130900598
1711591711133381758
1711591711135836409
1711591711138032059
1711591711140272187
1711591711142449035
1711591711145358149
1711591711147815248
1711591711150217297
1711591711152511225
1711591711154686511
1711591711156950648
1711591711159139058
1711591711161510640
1711591711163880762
1711591711166062194
1711591711168726786
1711591711171440438
1711591711173792592
1711591711176334167
1711591711178523411
1711591711180774112
1711591711183059654
1711591711185554564
1711591711187929531
1711591711190107785
1711591711192481346
1711591711195061044
1711591711197493092
1711591711199893057
1711591711202493745
1711591711205020164
1711591711207676527
1711591711209999568
1711591711212459479
1711591711214892673
1711591711217437789
1711591711220055716
1711591711222492659
1711591711224966424
1711591711227284517
1711591711229486105
