1711598092254135719
1711598092256128027
1711598092257927370
1711598092260003009
1711598092261795165
1711598092263625809
1711598092265493119
1711598092267301472
1711598092269041857
1711598092271015780
1711598092273001213
1711598092274805920
1711598092276613492
1711598092278284555
1711598092280350872
1711598092282248494
1711598092284120336
1711598092285864054
1711598092287743968
1711598092289620341
1711598092291490151
1711598092293252463
1711598092295312530
1711598092297216141
1711598092298976058
1711598092300794410
1711598092302719532
1711598092304551895
1711598092306351758
1711598092308329900
1711598092310124034
1711598092311976448
1711598092313988391
1711598092315772265
1711598092317512755
1711598092318672838
1711598092319447772
1711598092320174582
1711598092320881028
1711598092321582525
1711598092322293450
1711598092323027291
1711598092323770663
1711598092324485129
1711598092325225637
1711598092326032289
1711598092326834410
1711598092327840798
1711598092328567764
1711598092329276814
1711598092329979926
1711598092330682466
1711598092331420525
1711598092332146710
1711598092332857791
1711598092333564289
1711598092334280005
1711598092335005200
1711598092335745604
1711598092336451841
1711598092337155839
1711598092337871763
1711598092338570240
1711598092339414808
1711598092340139691
1711598092340853168
1711598092341560291
1711598092342263663
1711598092343033181
1711598092343795146
1711598092344507529
1711598092345212985
1711598092345912191
1711598092346623168
1711598092347361749
1711598092348083402
1711598092348790421
1711598092349488325
1711598092350198677
1711598092350906216
1711598092351661984
1711598092352373429
1711598092353137113
1711598092353894131
1711598092354609118
1711598092355410770
1711598092356134872
1711598092356839026
1711598092357545940
1711598092358249625
1711598092358982893
1711598092359910898
1711598092360703175
1711598092361443162
1711598092362184034
1711598092362949541
1711598092363681559
1711598092364404098
1711598092365108877
1711598092365816312
