356626
206933
198079
391366
217819
205787
193548
192610
200579
194433
200995
193079
204485
192402
191777
201152
194380
201725
191621
200683
204745
193340
232350
251727
208235
196777
208860
194746
199954
198339
191360
201360
192298
262299
210423
197037
199225
204329
194954
200839
201152
219694
222611
192819
201099
195110
195006
210788
191620
206673
210892
199954
193443
192558
204485
194173
193131
201204
205058
201985
192819
223444
208131
192766
200058
195996
210162
191465
191412
202506
190787
190526
201985
193027
214069
191881
191099
202090
192297
202090
192037
230423
229018
192505
204642
191829
200006
195214
191985
201985
204225
199485
195423
199172
192246
191516
200579
190839
212871
192089
192350
220319
206412
201048
191881
192401
210111
190631
199849
192610
192142
202922
191985
191308
213496
202298
191724
191985
199798
193079
192401
199798
261050
202089
195579
203131
191672
191256
222976
203652
205631
199641
193131
191152
200891
191881
191412
200996
203860
201725
194172
239434
206361
190214
203756
195735
211673
192975
191776
200371
196048
202401
192871
190787
213131
197767
200474
195996
192297
202454
191256
223965
221361
191673
201047
190735
200110
191464
190371
201360
202767
200891
191725
191255
203548
196725
201881
191620
211204
192558
190892
225058
208861
201777
192245
201985
204850
194277
202141
194954
201621
191047
189954
240632
212975
193912
204382
195735
193131
200318
191672
233705
221153
192141
285269
195475
201673
192453
200423
196516
201829
201152
191360
200423
191933
190526
200840
192714
210371
192766
191620
756898
197714
200163
192193
190370
204642
195110
201152
192453
191204
201152
191933
201985
194798
196776
200684
191568
219381
207403
192141
201516
194225
201673
191985
191307
200319
191881
191151
199954
193652
200475
192453
190267
201151
191621
200422
196048
540485
220319
193444
200318
192089
193600
202506
191881
202922
192090
192453
206569
202506
195162
190839
207715
192558
203287
191933
217715
217923
136254
108910
100419
99847
103545
107920
100107
103076
104274
107139
100524
101721
104066
103493
108336
102556
100888
104378
102295
108493
100576
102503
103440
104483
108232
100107
103128
103233
103701
110993
101461
100316
101409
103440
169641
114326
101462
104378
109639
100628
101565
103337
103336
105003
102295
103649
109014
99586
102503
101305
99534
99431
104273
100785
107347
100003
103024
105784
101826
103649
102399
103284
114014
100212
99638
101305
99639
104690
100107
99951
104899
100055
155578
107972
100472
100263
105264
100263
101357
101045
101982
109795
100212
102815
103806
99950
105004
100367
100055
101201
99951
105003
102243
100263
99795
100107
105837
107034
99743
100107
102712
105107
102555
103232
99691
108076
104639
102919
102295
99534
103910
118857
110056
105680
105316
100576
99951
99846
99795
104899
100368
105055
99847
107347
100159
102868
103857
103649
108180
105733
144691
101045
99951
128754
105732
100316
105003
106253
100159
100733
101044
110212
100211
100368
100003
105420
107399
102763
103597
190162
113024
100837
100420
102867
101930
106097
103128
100316
100211
103962
100315
100055
102087
101617
103962
100159
100732
99951
101149
99847
101774
99847
100055
99951
99898
100212
99951
102086
104326
107556
100107
101774
100003
99742
104743
101461
101253
111983
107659
104691
103597
107555
100368
102920
108232
100264
102815
103649
103597
113024
100212
100055
101409
103857
103076
99847
99951
106253
104847
100420
99794
100628
103389
108597
100055
107451
100420
102034
110160
100367
100785
103232
104170
113076
100264
100471
122660
107139
100628
99899
100263
108649
105056
100732
100732
103284
103597
108337
100367
107035
100211
102920
108389
100107
102347
103857
103753
113233
99534
100524
101617
103701
107764
100003
106410
109742
110316
103753
104222
103337
103961
109274
100368
109847
132921
118701
102972
110524
103753
103597
180006
122399
102243
100472
110003
100107
99951
100368
99794
110524
101201
100003
100316
100472
105940
100941
107139
106305
103180
100055
100212
103128
108388
100472
103076
108441
100211
106566
100420
102086
103545
469597
121202
107607
102608
104169
102503
103701
108025
101773
101045
105212
101982
105263
102608
104013
103545
103597
107868
100472
102763
103753
103753
104014
103857
103337
103857
107711
100681
103336
102139
100159
105836
101566
99899
155577
124014
107712
100159
100003
101670
108701
100837
102919
102868
103284
108702
100471
102191
103545
103753
109743
100003
101722
103284
103753
106253
101462
104795
103284
103545
103284
103336
103649
104118
107608
100628
103701
103284
103232
109587
102190
101410
102763
357042
114222
100524
106879
100940
100211
99743
100472
108753
100524
101878
105212
102503
108961
100003
101982
103649
103649
113806
100368
100419
101357
107504
100419
102243
104847
102816
109274
100419
101358
103232
104065
109223
101930
101617
103337
115316
118180
100264
103076
101513
99847
105472
100107
103285
104794
109431
100524
100211
103441
103596
108337
100003
103961
105889
106253
102243
99899
99638
103128
99691
108128
99951
104587
100315
100159
102555
103285
108545
102190
100524
108858
99846
107608
100367
114535
107295
102555
108858
105784
100420
99951
104482
106930
100941
102659
102712
111357
100211
100837
103284
103337
108701
100732
102086
107764
100784
109900
100628
99951
104273
101931
108909
104795
99951
101618
103596
109014
99899
102138
103702
107555
104899
112764
112399
100315
107243
100264
100211
107139
100263
107399
100628
101930
103597
103701
108806
105680
101149
99742
102868
104534
103076
103701
104066
112451
100420
100055
101618
103753
103805
103805
103493
107868
99847
107607
100368
103024
103492
103285
104951
107555
289488
109326
101462
102971
103754
103232
109014
101617
100837
102346
99847
104587
100315
100055
146880
106930
100211
101618
103180
101878
107139
101774
104534
103962
102815
105837
102242
103701
103597
103337
108597
99638
103180
103754
109065
99847
129796
108180
101253
111149
99899
100576
103024
104274
108545
100159
102243
103440
104066
107868
100315
102451
103858
108649
102138
100055
101774
100003
127973
105888
101149
103024
101983
100211
99795
104534
100315
100160
101722
103649
108336
100211
102764
103076
99795
303030
102659
102503
108701
102191
101565
101358
104065
109587
101826
100472
103492
102972
105628
102660
103440
103962
103805
106774
100420
103597
105524
101930
101409
99899
100055
102086
106306
100367
101878
104326
102087
104534
102920
104951
102347
117399
113962
100472
99795
102034
107764
105211
100055
102087
99846
100107
105212
100107
105264
100107
104118
100367
103128
103649
99743
105472
107034
101670
99951
99951
104638
100837
100159
103180
107816
105628
100003
101201
103805
103389
109118
100524
105003
101357
431732
113597
106878
102712
100263
99586
101358
106044
100681
100315
102399
104066
105315
102139
103336
101514
99794
105004
99898
99795
100993
99951
104794
101201
99691
100107
100107
105003
99847
100055
99795
101357
107972
99743
103388
103389
120264
108545
100003
101409
104118
107503
100107
101514
100419
100160
104378
101774
99899
101513
99951
104899
100420
100003
100263
102295
108701
99378
101357
106253
104327
107815
99899
105993
101201
101878
99847
105732
99795
125837
100420
100940
105107
100108
99117
283082
101669
101305
102035
105524
108649
100003
101722
100055
105888
100316
99847
100211
101409
101358
100523
99691
101722
100107
107399
100524
99534
99951
99482
104899
102087
100211
100159
99951
103962
100159
100263
99743
101149
103753
100472
99534
113753
107347
104587
102347
106982
100889
100003
100107
99534
105368
100732
101930
103962
103544
108649
100420
101774
104222
103493
108857
101357
100889
103805
103701
104691
101253
100055
99794
101566
105941
100367
99847
99743
99638
107191
99951
100263
101982
107816
112920
107816
101461
104014
108180
100628
103753
101514
103597
111670
102503
100055
100159
100107
106931
100784
105264
100367
100003
105003
103753
99222
100732
104222
108285
99951
103076
103701
108232
100264
103961
102087
104221
107972
99847
104170
102139
99638
105836
120212
102035
99899
99638
107347
100211
100003
102451
104014
110784
102191
99847
101670
108597
100628
101773
104066
105003
107035
104795
100159
100315
105108
103961
105472
102555
107556
105263
100472
100732
103285
104013
107191
100159
108180
105629
101357
102555
273810
110056
100940
100055
101618
105420
100472
101044
99587
100315
104535
100211
100159
99014
103232
107555
100316
102555
99899
99326
105159
100055
100159
102660
99899
104586
100055
100993
101826
101097
107555
101618
101357
99690
99326
105316
101201
100315
121775
108024
100159
99899
101982
103389
110003
143494
101618
99846
99847
107087
100472
102555
100263
101982
107243
99951
102972
99586
99326
105472
100732
100628
102868
108076
102087
103805
101357
102451
108128
102243
100993
103336
106253
104743
101201
99482
264956
111983
101305
103701
103701
107503
100316
100107
101201
100159
105472
100472
100159
100315
100160
104847
101305
99899
99325
99899
104951
100055
100004
99638
103857
107399
100837
102711
103389
103701
105263
99847
101461
99691
99742
105316
100107
103128
118650
108961
101462
101461
100107
100628
104691
100576
100159
100680
104326
110368
100108
99951
101513
99534
105368
100003
101305
99847
103545
108440
100628
108285
99951
103441
102867
101982
100212
102867
100056
99534
101513
102868
108128
101670
102295
103076
99846
454598
104169
100420
100263
99795
100211
101931
99794
102295
105420
106514
101096
102035
105107
102243
108961
103337
100107
101461
99847
104691
105315
101305
102347
100420
105784
100264
99847
102503
99951
108649
103492
103493
104222
109118
115108
108909
99899
99690
104379
102867
100003
99795
101618
104690
100160
101773
103181
99482
106722
1521921
275945
106879
109430
108597
102659
102451
104899
378762
114795
107451
100993
100419
101462
102867
105889
101774
102451
103545
104378
104691
1947402
329385
115003
138911
111670
101930
100628
107712
102607
100576
103909
102659
112868
100993
101878
100055
109014
100211
100680
103233
104326
108284
100785
101878
104430
107920
167140
101149
109014
100211
100836
99743
102139
108597
99898
102816
105264
101774
108076
100159
102972
127452
108440
105003
103337
103805
105160
107086
100003
102243
108909
105733
100211
99899
99795
104378
103180
102399
99899
101878
102503
102607
101930
100003
111722
104587
100576
102242
103285
103805
108493
100576
106618
100471
102087
104690
104222
102243
100211
115108
123441
100472
99951
100159
102191
103440
103545
104899
107191
104534
100055
102503
103024
103806
108961
100784
105316
100316
102711
107660
100003
103805
103440
104274
113441
100837
100315
100003
108233
100628
102451
103284
108910
104482
100732
102191
102763
103493
315947
101201
102034
108181
100003
102138
103805
103910
109170
102190
100732
102347
103649
107972
100264
103909
102868
106045
101200
103806
103961
104639
106670
184120
104742
100472
106306
100940
100472
100159
102503
108128
100316
102347
105420
113388
112816
100055
101774
104535
103128
107920
100732
103857
102295
109378
100993
101513
102972
103389
108805
100889
101982
103284
104066
110576
100264
100419
105160
102034
126202
101096
100316
106826
100159
102712
103180
104430
108441
100576
101826
104639
102034
105524
126254
102034
100368
99638
114483
100680
101305
100107
101982
104951
102556
103492
108076
100785
102138
103857
103649
124431
101149
101045
106774
101253
108753
617519
272300
127660
109066
141046
121618
100940
103441
161619
101097
100472
100315
106514
106305
100472
99899
158338
108389
103024
101826
103805
108336
105108
99899
101878
103336
108441
100420
102555
107972
99847
107763
100212
102138
104274
103597
108805
105993
100159
100003
103753
108545
99899
101982
99795
333604
115628
105316
105837
100628
102346
103962
103232
109326
101410
100784
103441
105159
107607
100368
101878
105107
102295
109899
100055
101410
104847
106409
100107
103858
103284
104847
106722
100524
102451
103961
104535
107555
102816
100159
103336
116410
120472
103753
104014
103180
108649
100316
102659
104743
102451
108337
100107
102607
104951
102920
109951
1567547
316676
127869
104951
105784
101566
165161
113545
103389
104899
101930
108337
102398
102191
101826
102659
108962
102295
100472
104586
103284
109014
103805
102087
99534
105836
100889
112451
100159
104952
100680
100107
100159
100211
104587
105941
99846
100316
100263
108962
100368
101513
103962
106409
173182
108806
101565
103597
108285
100836
101253
104066
103232
104899
103545
102399
103336
106409
102764
103597
104274
102503
108805
102243
104222
99742
103910
107451
100159
102347
104847
102763
110056
100107
101201
104014
104169
107243
104691
99899
101878
108180
111618
107712
102503
103128
108545
104534
101774
100368
103284
109535
101409
100993
104065
104326
107399
100472
102086
103545
103545
108753
105576
99847
100784
110420
100628
99899
104118
103336
112243
100733
100367
101305
103701
108910
100107
102451
105837
101409
188339
109743
102347
103909
165265
101826
105993
100368
109118
100315
103024
102451
103597
108910
105888
100264
100107
103649
108961
100628
101566
110003
105993
110264
103545
108440
100108
102138
103649
103545
113441
100315
100003
101357
108024
100941
102295
103805
134900
107868
102399
100628
102555
103597
108545
100576
101617
103389
103597
105524
103440
102399
103389
99690
109431
103649
102711
103701
108597
100263
101931
103388
104639
109899
100472
100211
104326
106982
103806
100159
102503
100003
105212
100003
99742
100211
173183
108180
103493
104847
103597
106878
99951
102920
103857
109586
104222
100055
100628
100160
113284
100368
101461
103858
103232
110472
100420
100836
108076
101722
105993
100263
102191
102920
100055
105680
108441
101149
103909
103857
108337
100003
102555
103701
432565
102399
107868
101201
101097
103388
104274
108076
101722
100680
100368
101409
105368
100107
99847
101045
99899
104951
100576
101878
100055
99482
107920
100211
103910
102346
104639
103388
102712
100055
99586
103389
100211
100472
103336
100003
169745
103493
101409
109899
100055
103076
102868
102764
108649
99951
101461
100003
102711
106566
100368
100211
100680
101930
108545
100160
102294
103493
105732
102295
108597
99899
102607
103128
104379
103232
103492
108337
100576
102191
104065
103701
109170
102712
126410
100419
100212
105940
100264
100159
103180
109118
100785
102555
104117
101931
107972
101930
102034
104326
102243
109847
100940
102660
101357
138181
109222
105524
100524
101670
106774
102763
101097
101930
100420
107034
101931
100315
99534
105837
102243
101565
161463
113389
100420
99899
100107
100263
105264
100420
105940
100316
103597
110263
100733
100576
103440
103285
110003
100003
101618
103492
99951
108076
103441
103597
105107
106358
100836
102503
103545
103753
110524
207298
107087
100159
105888
99951
100003
281832
111409
100837
101826
100211
107868
100836
101253
103233
103857
108805
100368
102451
103232
104274
107347
99899
103753
102972
104378
104534
102712
105003
100732
104535
104847
102294
99951
99639
106774
100367
100264
101513
104118
108024
99899
103180
160994
113285
101201
100264
101878
103388
108233
100315
102295
105107
101149
106982
101878
103806
103544
103493
105212
102815
103701
103649
103597
107816
100472
107868
99898
102816
99638
99951
101097
104587
100107
101149
100367
99795
104638
100212
101409
100628
438243
112763
106254
100315
102711
105108
101461
101982
102504
100003
101148
102608
106357
100420
100211
104170
103701
109014
100263
101930
103493
103753
108337
100315
101149
99691
101513
107816
101617
100003
103233
104065
108493
100212
99430
99794
166255
109274
105681
99951
106982
104691
101878
100315
102868
100263
102660
103076
100159
109014
103857
103024
103961
103441
109378
102660
108128
99951
99951
109118
100315
99743
100263
99899
110837
101826
99951
100367
99170
105211
101514
103128
106149
106149
275060
153651
105993
100576
101044
103858
103805
106357
101045
102711
102139
100784
104691
99846
99274
101253
99951
106566
100420
101201
99794
99743
104951
100784
99691
99690
99743
106461
99951
99847
100159
99795
105107
100368
101513
103962
108128
164484
108285
100472
99846
106306
99586
101930
99534
99587
104899
100159
100628
102243
99742
107816
104014
103544
99743
103857
99430
101410
99586
101826
99951
100003
105888
100368
105264
101930
99742
102139
99638
104899
100003
99951
100160
103805
109170
99899
286987
106045
102087
100159
100680
101461
104847
100003
99899
102555
101253
122087
100056
107451
101721
100472
99795
105524
110993
101565
99847
102451
99795
105680
99951
102243
101253
99899
105419
103337
100732
100420
104430
102659
102035
99482
99638
176256
109326
100211
101409
100316
108597
104118
101513
100628
111045
101201
100212
100055
104586
99951
99482
99743
105107
104274
99847
100055
99795
100367
104743
102347
106618
100576
100419
106201
100056
100315
99118
102607
112868
100211
100316
100419
99743
288655
110940
100368
107139
100003
99273
101201
104379
100263
100211
99847
99795
105472
101982
104066
103388
103337
104169
100055
100316
100003
100055
106201
100264
99586
99430
99743
107920
100367
100837
103492
104274
104691
101565
101566
99430
100680
154640
108389
102347
101826
104638
104326
100264
99847
99794
107087
100367
101358
103440
104066
104847
100628
99690
99743
137660
106462
99795
101305
103909
101826
99795
107868
99742
109899
102399
100107
101618
103493
108701
101670
100211
104691
104378
106253
278394
113805
106358
99951
101409
101357
99639
106982
101618
101044
99326
100003
107868
100159
99691
100107
104951
104014
100263
105160
99065
104639
100315
100472
99638
103753
104743
102972
103180
104014
101201
106305
100107
103597
99430
99587
104742
100212
164484
109586
106618
100368
100003
100940
99951
103962
100211
105472
99378
100107
106201
100524
99951
99639
105524
107815
99743
99847
100003
104482
100420
99638
99534
109639
100368
100315
100003
102087
105211
102139
102607
106722
100003
106826
101461
100055
265008
114379
100836
102555
100003
100108
101044
101358
100211
100003
104743
101930
184589
106930
100628
102972
101670
102138
100107
104378
100681
100107
100628
103909
104743
100211
100316
100211
100368
106618
100107
102138
103441
104170
108232
99795
102399
163911
118076
103597
99691
101461
100003
104743
100211
100420
100263
99587
105263
101201
99482
101201
100108
104690
100003
99639
100732
105055
104847
100680
104899
102243
100107
99847
100159
101513
100264
100420
100211
99742
102087
104482
100524
101253
101462
99794
309385
101617
100003
105055
100941
100524
101201
100419
104795
100889
100055
102503
100107
106618
101982
104222
99847
101617
107504
102138
102451
100732
101618
106982
100264
100159
99795
101930
106305
99535
103076
100055
105940
141775
102504
100003
161306
111618
100993
100316
99898
104743
100524
102711
102504
99950
104795
100732
100837
100055
103076
106722
100472
99690
104066
99951
105628
100368
102815
101722
106618
102190
105524
100264
104222
100315
100160
100003
99846
103910
106201
102138
103285
103492
104899
276050
101149
102868
101826
99951
101774
99534
106253
100524
99899
99795
100680
104430
100107
100107
101149
99795
107191
100003
101930
100888
99482
104170
102139
100471
100108
99898
104951
100108
99951
100315
103597
108753
100212
102294
103597
103545
152713
112920
100420
100107
105107
101566
100472
100419
100055
105733
100940
100264
100263
101514
106878
100940
101566
100159
100264
105055
100211
101670
100941
105107
100159
104795
100315
105993
100316
102138
100576
100159
105733
100472
99951
100263
99899
105941
101461
113128
107816
106097
105264
100055
101201
103597
104221
108285
100107
106514
100263
103232
105004
102034
104014
103336
108284
104795
100160
101721
103701
108650
99638
103024
104013
107295
105108
100159
100836
99899
99847
104899
100003
105836
100056
101357
109378
100003
170682
102555
105733
107659
100628
100108
99586
105993
100523
101410
103388
108545
105524
100212
100940
103337
103909
107295
100576
107347
99690
104170
103024
103857
103597
103805
108441
105889
100263
99691
105420
100315
100576
99378
99951
110941
100576
99951
311415
102139
103545
103544
108493
102035
101253
102086
101461
107868
139640
100524
100576
102555
106097
102503
102555
103857
102399
106826
101670
103493
104013
106983
101461
102764
102503
104482
110628
103181
100107
101618
103023
107660
99899
103805
162765
116358
101357
100732
100264
105472
104690
100733
99794
100107
100056
105784
100263
105577
99638
99690
105264
102764
102346
99483
99951
110940
103493
105055
100212
99951
99951
100419
99587
105419
100628
100160
99951
99846
100524
100212
100055
105420
99586
427252
100785
105367
100055
99378
100160
104326
107920
100159
102086
100212
101357
105732
99274
99743
100419
99795
104951
100784
101462
100055
101774
108389
100159
102503
103440
104743
103180
103285
102138
100212
100367
100576
100837
102138
102711
175735
101305
100316
100055
106930
100680
100368
103024
104326
101982
102920
101722
100107
99951
107815
104170
99743
100992
102504
106617
103910
103024
99898
100003
105212
102503
101618
100055
99534
104743
100263
99951
103493
99326
106878
100211
103493
104430
266362
114066
101618
100055
100003
101357
109431
103336
100316
101565
104118
107347
101670
99742
106410
103336
106566
102086
101097
102555
99951
106566
101982
100316
100263
100576
107087
101722
99898
100003
99847
107660
187557
103128
102347
108337
162921
111098
100680
104951
109586
101358
103076
102763
105680
102816
103649
103649
110003
100420
100055
99534
99743
101930
100055
99430
106462
99899
129222
108285
100888
100420
105784
100420
105784
99639
160942
100680
100055
100003
100160
108180
105107
100056
274591
108233
105003
102294
99951
105004
101721
101462
100055
100576
107972
100003
102086
103337
104274
107503
100524
101774
100315
100055
105003
100212
100107
102295
106045
101305
100628
100159
99951
101357
101201
104639
100159
99690
104535
101461
99951
149640
108701
106045
99847
100003
99899
102972
105367
100420
100264
100107
104795
100575
100941
103857
101930
103129
100159
100367
99847
101201
100159
102347
100368
99690
101462
108961
103024
99639
99221
101774
107035
100107
99951
99743
101721
105004
100211
101565
289176
110472
101045
100211
105055
100420
100107
101357
102451
107816
99899
99847
101513
102764
106305
99899
100680
102868
105992
99951
100316
100003
100367
103181
105576
102763
103701
103858
108336
100003
102816
103753
103545
107607
102295
101409
102347
152036
111357
103024
100472
101201
107035
101513
99534
101566
99690
106670
100889
99742
102972
101409
106462
103128
100159
100837
101461
109066
101201
102295
104482
100055
125316
107347
100420
108441
100576
100315
102399
99170
105368
105471
100472
99951
99430
258289
110108
100940
105056
101982
100003
100107
101513
105316
100003
100055
100107
100056
105107
100524
101253
100107
99847
105107
100107
99482
99274
99587
106096
99951
99639
101670
99742
105941
99742
100160
101305
101617
104431
99742
99899
99482
100212
164744
109014
102138
100212
106930
100368
99951
136566
100472
105889
103857
100472
100211
104587
100523
99743
99899
99899
106826
100472
100263
99847
99638
100784
100472
100003
101826
102608
107659
100576
102295
99846
100003
104170
101566
99847
102555
100107
104639
279800
100992
105055
101983
99794
100264
104065
104431
100367
101305
101670
105055
99847
99847
100159
99847
110785
102034
100367
99535
99794
105160
99586
102139
101357
99847
105159
100055
102243
101253
106461
103024
101149
99587
99742
100628
100524
152400
116046
100628
105784
100472
99951
100107
99378
105993
105315
99899
100628
104378
99847
99482
100160
99482
110003
99691
101409
99534
99326
118806
105576
100524
105420
104690
100107
99951
99274
99951
105368
99586
105316
99951
99117
105368
99847
99899
301832
101669
101774
99795
99951
104743
99951
99898
99639
101565
107452
100523
99951
99483
104326
100055
99430
101201
99742
103024
100003
100160
100003
99794
100420
101566
99846
99951
100055
99691
100211
99795
99899
101305
99586
99847
101149
166515
109326
105993
101670
103597
100680
102451
104847
103545
107138
100264
99586
99534
99378
105056
103180
100732
99638
102660
107763
103701
101149
101045
102138
105108
101357
101097
102815
107608
99847
101305
103805
102295
114795
100367
99691
100003
99899
106566
288602
100940
106514
101982
100420
99847
99638
105264
101670
101201
99898
101618
105837
100263
99951
100107
107816
101253
99847
99482
99117
134536
100628
102138
101566
106305
100107
100576
99639
100211
107347
101878
99743
100315
104170
108284
100420
164068
106513
104951
100420
100888
99639
99638
104274
100316
104899
100055
101461
107764
99951
100003
184485
107659
106357
100212
100159
100941
127868
106982
101253
100316
106149
100472
100159
101409
107868
100368
99534
99847
105420
103909
99847
99847
274487
109691
103180
105159
102347
109639
101930
100055
101982
101618
105420
100576
100368
100159
99951
108701
100107
101045
99847
99794
104847
100159
99795
99743
99899
106826
100211
100368
100211
100055
107503
99899
99534
101670
99430
105576
101201
99639
165317
105628
103493
100628
99899
100107
104899
100472
100940
99743
100888
105420
100160
100055
100211
99795
104951
99742
100889
100263
99587
107034
99899
100107
99847
99482
106722
102191
99846
100160
104690
99951
100420
102711
103701
102712
100263
100055
280686
115055
100576
100628
102868
100159
100628
101670
102034
99951
104222
100368
99430
100055
103909
106566
100159
99118
99899
99742
104535
101826
103232
101670
104534
101514
102919
101826
102399
105003
104327
102763
100055
101930
105212
99951
101982
99638
169224
103910
101409
99534
100003
105055
102035
101305
100055
102086
106618
99951
100107
100264
100055
107711
101514
99951
99951
107503
103961
103754
105211
103128
124066
107139
104639
100628
100315
100003
102868
100107
100107
105524
99795
99795
106617
100628
295478
115368
101357
101670
100159
100264
106878
100576
100159
99847
100003
106514
100159
99951
99742
99899
106931
100107
100003
100732
103701
107295
100263
100003
99587
100055
105055
101409
99899
99795
101461
104899
101045
100368
99378
100159
105576
153182
108857
100784
106827
100575
99847
102191
99690
104743
100003
100055
100628
99743
104951
100263
99482
100785
103440
107764
101045
100784
99638
100368
105316
100159
100159
100524
107555
101149
103545
99170
99638
104430
100420
100316
103232
99690
100212
493608
124119
101409
100368
99690
106149
100107
100055
101045
104014
104951
101878
102711
101253
101045
106514
102972
100159
101201
102815
105316
101722
99742
100003
99743
104795
99951
101305
103909
99899
100264
99482
100211
100472
100263
104066
163442
109431
108649
108336
99691
100159
104430
100316
99743
100263
99795
104847
100263
100055
100159
100368
104274
100263
100681
104899
103701
105315
103649
100837
108701
103336
100055
105316
101097
104013
107868
100212
102503
99951
104846
108129
103336
100316
100367
304801
101305
100160
105367
104535
100107
100732
100055
104691
100784
101774
103597
101357
105003
100472
100264
99742
100524
109014
100055
101305
99638
99691
105107
100159
100264
104013
102504
105732
101357
100003
100055
100472
105889
101721
101462
101722
165317
108649
100472
102711
101826
109535
100315
100316
99899
99690
105837
100107
99951
102555
104899
108076
100003
102035
142556
109847
103389
103076
104117
104639
108128
100316
103440
102868
102816
108336
100420
103284
102764
107607
100420
106930
99691
103805
297821
102816
103441
108336
100889
101617
100368
102607
104639
100367
100003
99899
103285
104482
103128
101930
100107
99691
104534
100212
100680
104794
102295
108129
101305
100628
104065
101201
107868
101201
103753
99899
99899
105263
100108
101357
104430
165682
100159
105264
104639
100419
102451
99795
100107
103441
100367
105941
100003
102712
109534
100889
100575
103754
100263
113545
100524
100211
103910
101774
100315
106670
100680
105576
107920
100055
99951
99795
104847
99794
102139
105576
177349
112347
260008
110264
107920
100472
100107
101513
99951
106983
101825
100629
104482
106722
100315
100472
100211
99795
103910
100367
101722
99899
100055
99690
101722
99899
101097
100003
104222
100367
101774
102399
100316
104482
101930
100055
99795
102034
104483
101617
158651
107607
107712
99847
99794
99274
99638
103077
103544
102295
99743
100055
104274
100159
100263
99639
100888
104118
99899
99899
103180
99534
104430
100420
100941
99742
102191
104743
103128
99794
100160
99846
106045
100003
101149
99639
100107
104899
100524
292925
107972
100836
103181
101044
102764
108753
104535
101357
101201
105576
108128
100368
101669
102920
109378
101826
99795
103701
102087
103909
101722
101930
99534
99639
107190
103701
99743
101826
102295
106201
104274
102295
104586
132139
106462
146984
108909
100680
105576
102712
101513
100003
105420
100316
99586
100003
99274
108961
101201
101826
100160
104482
103284
105420
100107
99639
104847
100523
99951
105264
105941
105367
99899
100472
100211
104743
99795
99899
101409
107816
105472
100732
99951
99742
272977
112504
100524
101096
105524
100264
99795
99898
99951
107504
101617
101305
100368
101201
105263
100264
100263
100108
100263
106618
99899
100940
99534
104899
99795
99586
101514
100680
102034
100628
101149
99847
101878
99847
100367
100160
99638
99951
175839
101201
100471
100003
99951
105681
100211
99534
100941
106305
99951
99847
100107
99638
105576
100420
101097
99847
99794
100212
101253
102607
100107
100576
105889
100107
99586
100785
99898
106618
100420
99795
101201
100367
104587
103076
100107
99378
283446
110316
103805
100003
106461
100628
104899
99951
102451
106514
104326
101409
100264
103701
105107
103233
100419
101930
102347
106878
103285
101409
99743
99534
107295
101409
99899
102399
105628
100159
102764
103909
99951
101305
102243
102191
101773
99639
174953
100680
100107
100212
100263
105107
100056
100055
105367
106097
101045
100264
99950
105004
100732
100159
105732
100212
105315
102920
100472
100211
105056
99846
110316
100212
104482
100680
99951
100211
100107
104952
105367
100212
99898
100108
104274
100055
268549
114119
102711
99899
100055
99899
104795
100523
99691
99743
101253
137504
101617
102608
100159
100003
104847
100315
100160
103544
102868
106670
100055
100784
100003
99951
105056
100055
99534
102347
99846
105941
100055
100107
101670
99899
105472
151619
111097
100576
105160
100367
99847
100315
100056
106878
99899
99794
101514
100159
106357
100212
99638
102347
101305
105576
100055
99795
104014
101565
104899
99743
100471
99743
108024
101826
102139
102815
102243
100211
105941
100003
100472
100055
104378
100420
282717
116826
102763
100733
101201
103180
106097
101669
101254
102763
103284
105004
100159
103024
105524
101617
105004
101513
103857
104222
99743
105263
103024
99378
102347
101514
105263
99743
102034
104639
104534
101774
102920
99742
101149
101774
104170
152869
114952
101148
105524
100056
102086
102607
99587
105680
107451
101930
99378
102659
100003
99899
100160
101721
105681
99586
100107
100212
104638
100159
104899
100316
107816
104117
103389
102763
104691
102451
100003
99951
105159
102451
100264
101826
100003
100107
277508
101462
101305
102034
106826
100212
100263
100368
104534
100212
100211
101513
100160
101149
99794
99899
176880
101149
107295
103962
100055
100003
104847
100784
100211
102608
103805
108961
100785
99690
102816
100263
104378
100212
100315
100993
155213
115576
102191
100003
99795
104690
100159
101149
99899
102503
101514
100472
99898
99951
100003
100524
100732
99951
100993
99847
104430
100784
100055
99639
101149
104586
104118
103649
134900
103492
105629
100419
100316
100055
101618
105524
100159
99794
99587
296155
109951
100940
101149
108337
103128
101774
101149
102919
100108
100107
100888
105160
106565
100264
103076
99534
100316
104482
99847
101669
101670
101878
104639
100055
99899
99951
102555
106982
100576
101410
102659
99795
104378
100315
103649
101097
164380
112868
104118
103596
102035
106409
100785
100471
100472
100107
104587
102659
100055
99795
101097
104169
99951
102139
101201
102243
105211
103597
106201
99899
110003
101930
101722
107972
101670
102815
100316
104274
105159
103545
107295
100264
100003
106513
265060
110785
106513
103181
101669
99951
100003
105889
103180
100003
100316
101930
105263
100003
101253
101983
107138
100472
99743
99534
100055
102711
101618
99795
100263
99430
106462
100263
100368
99482
100993
104065
100316
99795
99586
99742
105837
99743
159067
109795
105003
100107
100212
99950
99951
104639
100836
101670
100211
101306
99742
100316
100628
100211
104170
109378
100316
100315
100316
99378
104222
100315
100211
101410
100263
104430
100212
100159
101357
103545
107868
101461
101722
103649
103857
105004
99950
288551
106097
102086
99899
102711
103024
104899
100941
99638
99899
100159
107243
101357
100420
100368
99638
105472
99639
101409
102399
102295
105107
101305
99586
99951
104691
100576
102607
101045
102763
99899
104378
100055
102347
100003
108233
99899
157765
116982
107035
100472
99899
140160
102451
104743
102659
108128
100108
99950
104795
100055
100212
100211
103597
114430
99691
99534
101045
103649
129431
105576
100316
110367
101983
100211
100107
105264
99742
100316
99899
109534
100264
99794
99430
99899
294957
101149
100003
105732
100108
100055
100211
99951
101409
100003
100420
101357
120837
101305
101618
100315
105733
100524
99899
101565
101201
105680
100055
99795
100159
105108
100367
102243
100107
99951
102086
100420
100055
100055
101566
100003
100784
157088
108285
100107
105264
99273
100524
100368
100784
108128
101878
102764
101670
107711
102035
101201
103440
102816
104534
101982
101566
102347
100211
104222
102139
99638
102138
103597
104691
100732
100212
101982
101045
104951
107086
99691
99221
103024
106045
101722
290373
110577
102034
99795
102659
100003
108128
100055
102399
100003
100785
107086
102243
102763
99587
107034
101045
99847
99690
99847
105263
102816
99795
99899
99794
100107
100316
101930
101409
99743
105680
100524
101566
99690
102347
105889
101617
153963
117608
105524
102972
102711
100159
100316
104847
100211
106097
100368
100159
104534
100108
100159
99586
100420
110003
100316
99742
100108
100367
125108
109691
100784
106305
100889
101097
103909
100159
104587
100628
99378
105211
100108
104638
100420
99795
264903
109952
100576
101200
105889
100732
100472
101253
100316
106878
100367
100003
99951
100368
104951
101461
100004
100315
99847
105732
99795
136879
100576
106514
100836
99586
100107
100003
104587
99742
100264
101357
99430
99639
100576
99794
99535
250788
110472
102451
100264
100159
105368
100315
100420
101514
101826
106669
100472
100055
100212
99794
105108
101774
102190
103284
104587
100784
100368
99534
100264
101201
100003
101305
99899
99846
100055
100368
100420
99742
100889
106409
102503
100003
100107
99847
302301
101201
100472
109899
100420
100315
100107
100212
104534
99795
101513
101357
99639
105420
100107
99951
100211
100993
107243
100211
102243
99742
99482
104691
100263
99795
101930
100003
104899
103285
101669
101670
101618
108284
101462
99898
104222
165630
110993
100576
102347
100159
105160
100732
102659
100316
101617
107087
101930
101982
106774
107295
103701
100160
103597
100003
105211
101461
102191
102555
100159
121879
108545
100264
99950
105368
100107
99483
99898
100056
113232
102816
103388
103753
100055
260112
108545
106202
102086
100472
100471
100420
100264
100003
101669
99587
105159
100524
100107
99795
99951
104690
101931
100419
99326
100264
104534
100368
100003
100055
101722
104534
100732
99899
100107
102295
105003
100368
101774
100055
99846
105368
102035
164067
100784
104951
100785
100471
99483
99846
105993
100264
102919
99847
99743
104742
100472
99951
101409
98805
104899
100056
99950
101254
102503
104951
103597
100263
99795
99534
104743
100211
102399
102972
103492
106358
102711
103441
99743
99898
133598
275477
118181
104065
102035
102503
106305
105785
101878
102399
100315
100003
104535
102607
100315
100472
101618
105055
100263
99795
100107
103805
105837
99847
99378
100055
99378
104222
101878
101357
102034
101670
104795
99742
100004
102763
101253
107503
157036
115473
100471
105108
100159
99951
99482
100211
104587
105263
100056
99846
99587
105055
99482
100055
99170
104951
105316
100263
100055
99899
100159
126983
107243
105264
104794
100108
99951
103648
102035
105055
103024
106514
101565
102868
108232
101253
103701
371157
109014
101409
102451
115681
106305
101357
211361
105055
141671
102347
107555
100472
100003
100524
104899
101253
100211
102191
104482
104066
102399
103493
103857
103128
108389
100628
102815
104639
101774
105003
102815
103858
104222
208391
113337
101878
100107
99899
106514
100263
103910
102503
108336
100003
102503
104274
104691
106618
102138
102451
102295
103337
109170
106305
99638
99847
105732
107035
101722
103805
102815
101931
108284
100524
103753
102347
103388
107920
104014
112555
100108
343656
101097
100159
109170
100367
100628
101566
99847
108909
101462
101722
102503
103440
108233
100524
102294
103753
109118
100003
102451
104847
102243
108493
101774
101357
103024
101722
104326
100055
100055
99482
102451
109847
100211
100993
103024
171307
113129
102503
104222
102242
108910
100472
103232
102190
104743
107608
99794
102139
104013
108545
104847
100003
101409
103806
164328
103023
107816
105889
100003
132608
101149
103805
108910
100263
102086
108181
100315
107452
100263
102451
103336
103806
276570
109795
101878
107816
99691
99794
99326
99899
105941
100003
101722
104951
108128
100836
102295
100107
104743
100628
99847
101045
100003
104169
100264
100107
100003
100159
108806
101565
101462
102346
100003
105785
100055
99743
99951
102190
108910
100367
171151
100784
105212
100211
99795
102711
103389
109014
100419
101201
99847
99482
104899
99899
100889
103024
103544
108337
193808
111097
100784
107972
104483
103805
103440
103441
104170
104638
103597
102660
108128
100419
102764
103076
99743
105107
107555
311781
108753
100576
100888
103337
103336
108858
102086
102607
101826
106618
100159
104535
102138
104951
108233
103701
99846
102920
103024
109274
101358
100836
103805
105003
107764
100628
101461
103753
103910
108909
101618
101566
102555
103180
107347
161619
109379
100836
104951
100420
100836
104951
103024
107920
100159
102556
99742
99743
104690
104014
101409
99691
106565
101201
101774
103337
108649
131462
106722
100628
100576
105264
102659
105680
105576
101410
102086
103649
103545
103701
108232
99691
107191
284748
112711
101826
100420
100212
104846
100837
101565
99795
102816
105003
100367
100420
100003
100003
107503
100524
102347
103649
103701
109170
99899
99482
105055
100837
101669
100264
99794
100264
100524
99899
100211
100732
106826
101514
102711
100212
155317
158077
103493
100576
102399
105628
101462
100159
99742
103233
104847
103024
103857
103388
102451
104951
100264
99430
99586
100628
108337
99899
104170
101878
109743
100055
102242
103701
107712
104430
100628
100003
99639
99898
104222
99691
105107
100107
275738
111462
102503
103597
108649
100732
101930
101045
101096
106306
100576
101149
100211
99743
105628
102503
102295
99794
101514
106253
101305
99430
100628
102660
104742
99587
99586
104013
99587
108232
99743
103388
100108
99794
108493
102451
99795
99534
173339
100836
100576
101618
101357
104690
100108
100419
104691
101409
110524
100472
101409
100003
104847
100055
100264
100315
105993
102295
100368
99898
101149
99951
120577
101097
105888
100107
104743
100680
99847
99326
99899
105940
105264
99951
99534
100003
384231
125941
103180
102972
104170
105420
100992
99743
99794
101358
104274
100419
102035
100263
100055
106462
99794
101097
99639
99951
105315
100159
99795
99639
101461
109222
100003
99743
100315
105212
100263
100107
99899
101878
104951
100837
158598
108910
107086
100264
99899
99794
100003
108753
100420
102868
103545
101461
107295
100107
100003
101670
103909
100524
99795
99951
99690
104430
100264
101982
102503
102503
109952
101357
101409
102503
103857
110629
100315
99535
103753
103232
104743
102086
104587
286883
108753
100524
99847
100211
106097
99691
100263
103076
100420
104587
101461
100680
102711
103493
107139
101670
139066
100628
104378
103337
100211
101462
101565
106358
103753
99794
100003
101774
105524
100003
100055
99899
100159
105004
99794
99691
183235
106774
100471
99274
99587
100003
104846
100681
102607
101617
101254
108701
103909
101305
99795
99795
107034
101357
106306
99898
99951
105212
102138
105368
101774
99743
105888
99587
99482
105107
103180
100107
99847
99534
112139
100212
100263
102868
269643
109795
101201
100107
107087
100315
101201
99743
99690
104847
100524
99795
101045
100107
105836
99587
99482
99899
100055
104690
100003
99795
101514
100419
104691
99743
99534
99951
99690
104118
101513
100003
99743
99326
104899
102659
99587
103909
152192
108024
100368
103232
99586
101618
104430
100420
99795
99690
99586
104535
100263
101722
99899
102503
108910
100419
101410
99690
100055
105993
100159
100107
101878
99535
104742
100264
99482
101409
99847
106930
102972
102191
99795
99846
105160
101513
101097
370011
104639
101357
102607
105993
100472
100471
101566
100368
106149
100524
100888
102451
103909
106879
101513
102920
103284
104274
102503
101514
101669
99691
103545
101617
100264
100107
99951
107451
100316
102555
99274
103232
106201
100055
103910
161411
113857
100628
100212
100784
99743
107242
104951
104170
103910
99794
104222
100264
103284
101357
99847
107764
101773
102504
101513
100159
104691
102451
100159
100576
108441
99899
99690
100785
104221
101097
100264
99586
105576
146098
100889
101669
100316
286727
110785
101982
102035
105940
100055
101253
99847
100003
105108
100055
100159
100107
100159
106826
100368
100055
99586
99795
104899
103753
103337
101409
99482
104430
99535
99586
99847
99013
104639
102347
99378
101305
104222
104169
100003
100003
99691
169068
100575
102347
105108
100784
99586
99951
99951
100107
100368
102034
99899
100264
100159
100315
100316
100107
99899
107920
100940
101670
103284
106149
104639
103076
105576
100316
100055
104743
100003
100367
100159
100055
110264
100628
100212
100003
99482
281727
109482
100576
107035
101982
101253
99847
100107
107868
100836
102972
100212
102867
105160
100471
100316
102399
101253
106774
100107
102295
101201
106774
100784
100159
102451
101462
100420
99742
102816
101149
100055
104795
111409
103337
100055
100940
105472
174328
105889
100315
105056
100263
100159
101410
99430
104638
108337
103857
101305
99691
105264
100419
99847
99847
105263
107191
102191
102607
104378
107764
101565
111306
118441
112659
102660
104847
103128
103180
110368
103857
118493
108754
109899
105159
352094
117504
102971
100264
103441
108024
100836
101878
103597
102503
108857
100264
102451
103545
103128
109118
100055
102034
103857
103962
108441
100003
102346
104014
103389
109222
102138
100055
103441
103805
107816
100576
104378
101878
110993
100055
191725
115315
111514
103441
99795
100367
99691
104742
100212
102138
100055
105629
100315
100003
154171
106045
100576
103076
101514
104065
110212
100263
101670
102555
103389
108649
99951
102451
103805
105368
107868
100211
101774
103701
108389
106461
99899
314280
110785
100836
100420
99951
104326
102295
100732
103336
103910
110836
102920
101670
100003
102607
109170
99951
103493
101982
99847
108597
103597
103128
103909
107972
100264
102815
103753
104378
109327
101982
102503
101149
102347
107868
100628
103076
163963
114691
100472
100367
102451
101305
106670
100472
103389
102555
104065
108285
100420
104742
101462
103545
108909
102191
101409
102034
102451
117556
100315
105524
100108
100055
100107
103493
103753
112920
100003
99742
102347
103597
108649
100212
102138
108232
273602
108754
103024
102919
109170
99691
101930
104222
99743
105524
100159
101357
99795
100107
105211
102816
103493
103649
106305
99847
99690
99326
99378
103389
100471
99639
99378
99847
99742
100316
99638
101514
99534
100263
100420
100159
101410
101253
157973
100524
99899
99586
100159
105472
100108
101201
101357
103701
108180
99899
103284
105003
107035
101461
101201
99639
104742
100420
100264
99690
99743
106097
100211
100263
100108
100263
108441
100524
101930
104795
102555
108805
100368
104430
103857
101149
125316
109431
100211
100680
104535
106305
99847
100107
101670
108701
100524
102242
103701
106045
106410
100211
102191
103492
103910
109066
101669
105628
190787
107712
101097
100263
102191
104586
107295
105681
144691
101774
107764
100576
101930
104274
102607
175839
109170
100628
103857
108649
100941
101409
103337
106149
107138
100264
101357
104430
108024
100889
102086
105368
101618
108544
100212
102138
103806
104899
102555
111566
101044
100107
107660
100368
101461
103805
103753
110472
99795
100732
103545
108649
99951
296676
115680
106201
103024
104118
102816
104899
102607
103440
104118
104795
107139
100628
102034
100263
99795
105420
99690
99639
103857
102295
105055
102191
99638
99587
99794
105264
102503
101461
103076
108129
100003
102451
100003
100003
101461
103961
141255
108180
101514
108649
99742
103076
103441
103909
108441
100003
102295
103701
108076
102763
100524
103545
105420
106253
100212
101721
100003
101618
110055
100524
101045
99743
104742
100420
99847
99638
105003
105889
99899
100107
100211
101722
105472
103545
118910
109378
105264
100523
99847
102243
103128
108805
106410
101617
100576
101201
108962
100472
101669
103545
107556
107711
100212
100107
103805
103180
107972
100420
107451
100159
107191
99795
102867
103649
103753
108806
106357
100316
100419
102972
108649
100889
101461
117712
117764
106201
102503
103858
103805
108336
100107
102608
109482
102451
104483
100992
101149
103597
104170
108493
105680
100107
100368
103180
104430
104691
107190
100420
107920
100055
103024
102399
109535
100263
101149
104118
108232
105420
100628
100784
103128
457306
111409
105785
102607
101409
99795
103128
104951
147400
104431
102555
103545
106670
100992
103753
103858
106044
101931
102763
99847
101201
104482
100628
99795
103024
102295
107867
100212
103492
103129
103701
108961
105003
100264
102607
118806
119795
100680
103441
103701
105107
103128
103128
103233
105003
107972
99794
102191
103701
103597
108857
99483
102503
103961
103128
105680
102660
103284
102764
106774
105628
100107
100003
99847
105263
101670
99587
105159
104118
100419
99847
100211
99951
104222
201256
105472
102555
108650
100159
102086
104795
100211
108650
100367
99951
99743
99638
107139
99742
101722
103962
103649
108024
100107
102815
105160
106670
100211
102816
103597
99690
100159
100368
100003
103805
103493
108805
100420
101878
99378
99951
104482
122400
107659
103285
103909
108805
100055
101826
100003
99899
111774
103649
103545
103701
103493
103701
104014
103336
105472
107191
100680
102347
102815
101670
99951
107711
107295
102399
107399
100420
102659
100212
99951
105732
105576
99639
100575
104222
100420
115368
107712
101774
109222
100680
101357
102555
100212
104638
99847
100420
105055
100680
105732
99847
103753
101566
99742
108181
106513
101722
104014
104117
105212
101878
103649
103753
110680
100576
100160
102503
99326
106565
100160
100419
105420
99847
107034
100837
128649
100681
100003
107503
109118
102190
103337
108597
100315
102399
104118
103388
110941
100680
100003
104170
102712
108388
100160
103753
105315
100837
110680
99847
137192
100523
104743
100472
105993
100107
103597
108441
100888
101253
104222
108545
106618
100315
420221
102139
100367
99899
105785
100576
103701
99586
106097
100263
99951
100785
100680
103649
103649
103492
99691
99742
104274
101566
100107
101305
100003
105941
100368
99325
99326
104014
110784
100160
99482
103493
104065
108233
99794
103337
122920
100212
106826
189224
111566
105889
100523
101566
99951
100472
104326
101982
99847
99794
100003
103545
103128
99587
99742
99482
105420
100212
103076
109638
102399
100055
100003
99639
99794
107816
99639
100211
100576
99690
104952
99846
100055
103285
519026
115316
102242
99951
100472
99691
107659
100368
101617
101358
100211
103909
101410
100003
99951
99638
106722
100003
99222
99951
102659
108493
100315
102503
102139
100211
105212
99742
100681
99898
101514
104638
99847
99899
99430
114535
117764
100940
100003
99847
105524
100732
103076
99587
101357
104743
100471
99483
100940
100159
100212
100315
101878
101514
103492
107087
100263
100160
99847
99534
108076
102295
101149
102763
104743
105472
101722
102034
104118
101669
108702
101513
103857
101826
208652
109691
100889
105055
100420
101253
100003
101565
104483
100367
99899
100316
102138
104482
100368
101878
99847
99899
107399
100263
102503
103232
103910
109014
99950
99899
99847
99639
106044
100368
101305
102607
103545
108285
99742
103128
99378
99899
117348
109117
100212
100055
105888
146672
101878
101357
102972
107242
102087
104118
102190
108128
100420
104170
101722
103440
110368
101774
101305
101201
106097
101566
103753
103753
102243
110420
100367
102243
108128
99899
106566
99847
101357
99951
99169
104222
126514
107920
101774
106774
100420
103805
103180
99431
112242
100524
104326
102295
100212
105159
100055
99430
105055
99847
106930
100212
102034
103545
102034
105472
108337
100367
102139
100940
100003
99743
99951
103545
112138
100576
100056
101513
99743
104221
100316
271467
110680
102555
100576
100316
99898
104587
100628
99690
100264
105107
107764
100263
100003
100108
100107
106045
100315
99586
99847
100212
105263
100576
99795
102138
99587
105992
100108
100159
100055
100993
104690
103805
102503
100576
99691
104743
112086
110368
100576
105837
100732
100107
103701
104326
103024
103857
103337
101201
105941
100263
99951
99951
99742
104691
100264
101305
99951
100107
106513
100472
102087
103284
99690
105889
100003
99795
99847
100211
109118
100159
99795
99586
99482
105055
105264
431732
112972
103493
102815
108910
100367
101618
103232
101618
104586
99587
100107
99951
99742
104483
100055
101722
101201
99586
109743
101409
111254
103596
106774
102243
99899
99743
105211
100472
100055
102659
99482
107920
104274
102087
105211
116723
118493
103024
101409
99534
106722
102139
99638
101409
103649
107243
100003
102295
104847
124274
100733
103128
105315
101358
101773
102868
135942
109691
100419
99743
104482
105576
105108
100055
102607
102763
100160
105576
100315
105576
99743
99430
105160
186724
108493
100472
107659
101618
101617
100055
105733
99951
99899
99846
102608
108232
100211
101670
100055
99534
104326
100264
100784
103805
101931
104326
102242
99899
99066
99951
108753
100107
100420
99846
99639
104534
100368
99899
100576
99586
104691
100263
135004
100628
100993
110680
100264
99742
100264
104534
100107
100316
99534
107816
104065
100837
101826
103753
108545
101201
99690
105733
99794
105524
100316
99899
100107
100784
108024
105629
99742
101930
103753
105160
102295
103440
103753
112608
100420
100003
267247
114899
100576
99847
100107
105993
100107
102191
103076
104118
108024
100576
100680
101305
100055
104534
100628
100003
102451
103754
108805
100993
106097
194120
104482
100576
101826
100420
106357
102295
100159
100316
99899
105055
101774
100211
103857
131098
100159
100108
100628
101357
108962
100471
101774
104118
104118
107607
100107
102451
103805
99899
157870
103232
100420
100263
106670
101826
104951
101670
99951
105419
100576
100264
100263
101618
107451
100159
99743
100159
99639
105524
101721
100733
103909
368761
109587
100524
107399
100367
103285
101201
99794
104847
100420
99690
99899
102295
106930
101930
99587
99899
99899
105419
100160
101044
101722
99899
105628
99639
99586
102711
104379
103023
102868
100524
99638
103181
100211
100055
144848
112243
115629
102555
102972
99742
99847
105628
99691
99846
103337
109378
102451
100159
102451
103649
108129
100680
102451
102503
106357
108962
102190
99326
103285
105315
99899
100055
99691
104378
106774
99899
104326
101097
105836
100524
102139
102919
99326
104535
184224
108285
99482
106617
101670
99847
103753
99899
106305
100055
100003
99691
100940
105212
103076
102086
101358
99846
104066
100732
100055
101410
100523
99847
106566
100420
99482
106930
99847
102242
100368
99326
106305
99899
99743
101409
99482
107087
110263
108597
101618
99847
100315
103285
103336
104951
108285
102086
100055
101826
105472
108441
99638
102712
104482
99743
105003
100003
101982
101201
101618
108284
100316
102034
102451
102451
108180
108858
100263
100212
104065
101045
102243
99274
100003
105888
100889
118128
107920
100576
104534
100889
100368
107659
99638
108493
100003
102868
102711
100160
105003
107972
102555
103389
103909
106878
100628
103753
103545
108389
99899
102607
103857
103857
108545
100576
102399
107191
99482
108910
100211
102607
103493
103597
109378
118650
109586
100159
104587
100524
99847
101148
99743
105628
100889
99430
99586
101409
99691
100420
99690
105628
99430
108389
99951
104066
102503
103805
108909
106045
100160
100055
104430
106045
100576
100263
99274
110107
100108
99690
99899
104326
100107
99847
265581
116149
100837
100992
102295
100055
104795
99743
100107
100107
102868
142712
100368
99638
101618
108128
100159
102764
103649
102763
104951
102556
99846
100576
99951
101722
102555
103858
108336
100107
103076
102868
99430
100003
101878
99743
102867
114275
114170
100315
100941
103597
104118
108961
100211
101618
103493
99586
105889
99638
101357
99326
100680
106306
101097
99846
99743
99482
108337
100159
100836
101722
99691
107399
99899
100159
99899
106774
100471
103024
103597
103597
108389
100472
102190
108858
433867
110159
104014
105836
100837
103493
102138
106097
100263
101410
100055
99795
104586
100316
99534
100055
100003
102972
101878
100680
106774
102763
106827
101669
104066
102659
103649
108076
100212
104170
103232
101513
104483
99742
99691
101253
116878
114535
100524
102191
99846
103910
101826
103961
101357
102608
108492
101983
100315
99743
99951
104482
100732
102816
100055
103805
110733
103128
101253
101461
100941
106774
102347
102242
99691
101930
106305
100055
99587
103701
100992
107556
102763
101201
100316
268654
101096
100108
105471
101462
101826
100315
100681
108336
99691
99690
99899
105993
100367
100055
101670
99586
103910
100420
100263
101149
100680
100368
100003
106149
100263
105107
100056
101669
102555
99951
105368
100211
99639
99795
102659
109899
111045
107920
100107
100159
105524
99743
99743
179953
109535
101044
100524
100055
100941
107659
100264
103076
103128
104222
103597
104169
103285
103336
104118
104222
104378
102607
103128
104899
145630
100211
100732
101618
104482
100576
100576
99639
105524
100523
280269
117348
102659
102295
100107
103076
101617
102920
100160
101305
100211
106878
100003
101253
99795
102034
104431
100315
100263
101983
103701
108388
100472
100732
99951
100108
104846
100264
101826
102034
99899
104222
100159
100003
102295
99534
104430
117296
108753
100315
103858
105732
102659
106983
100003
102972
100576
100367
100159
99951
105577
105263
99847
100107
99326
104118
100211
99378
102347
106566
106878
99899
102399
99586
100003
107139
99378
105211
100003
100107
104691
100159
99847
100055
99691
110836
279019
110941
105316
101253
100836
104795
100732
101305
99847
101461
105576
103337
100003
102034
100003
105003
101878
101566
100055
99066
106826
103805
100576
108284
103753
99535
99899
100107
100055
108076
101409
101253
100055
100160
109482
99534
102399
100003
130890
102920
100263
104014
100055
106357
100628
100420
100159
102138
105108
100419
102660
101305
99534
106670
101878
102035
100055
102607
106357
102295
104847
104378
101878
108389
101670
103596
101149
104014
103336
101670
99951
99430
105368
105940
100264
99795
277300
109951
100992
103441
104014
104013
100212
100471
100316
104534
100368
100888
103389
103336
104743
102138
99899
99847
99899
106097
100524
101878
103180
100003
104899
100263
100264
100211
102347
109691
99742
101618
99691
100315
105316
100315
99587
102607
116149
115004
100576
99899
100471
139952
101149
101358
101721
99847
104587
100315
100211
100420
99899
105784
