50772819
45607600
38964389
38843819
38344192
38424920
38702519
38383566
38347474
38349296
38385441
38782465
38578354
38574396
39233863
38436481
38761216
38655019
38418722
38853661
39534118
39808748
39138292
38758299
38421898
38958816
38379139
38604292
39260997
38560855
38944701
38902776
38777933
38415493
38988399
38687622
39347610
38714445
38868557
38958190
40106763
40352019
40810240
40574203
40558994
41083933
40395924
40464361
40239052
40326447
40667221
40638420
40619618
40159992
40205146
40112024
39665885
39955881
40134575
40889561
40789302
40089003
39751404
39092354
38784704
38760329
38982148
38077268
38898400
38717882
38554759
38832984
38731684
38233203
38263151
39010272
38812828
38550594
38593509
38868869
38705798
38748663
38340805
38825745
38780641
38799599
40132074
39583022
39934265
39816351
39559428
39807132
40442381
39723801
40027336
38883868
38212943
39168186
38977251
