1711683918642476978
1711683918693249797
1711683918738857397
1711683918777821786
1711683918816665605
1711683918855009797
1711683918893434717
1711683918932137236
1711683918970520802
1711683919008868276
1711683919047217572
1711683919085603013
1711683919124385478
1711683919162963832
1711683919201538228
1711683919240772091
1711683919279208572
1711683919317969788
1711683919356624807
1711683919395043529
1711683919433897190
1711683919473431308
1711683919513240056
1711683919552378348
1711683919591136647
1711683919629558545
1711683919668517361
1711683919706896500
1711683919745500792
1711683919784761789
1711683919823322644
1711683919862267345
1711683919901170121
1711683919939948054
1711683919978363547
1711683920017351946
1711683920056039568
1711683920095387178
1711683920134101623
1711683920172970180
1711683920211928370
1711683920252035133
1711683920292387152
1711683920333197392
1711683920373771595
1711683920414330589
1711683920455414522
1711683920495810446
1711683920536274807
1711683920576513859
1711683920616840306
1711683920657507527
1711683920698145947
1711683920738765565
1711683920778925557
1711683920819130703
1711683920859242727
1711683920898908612
1711683920938864493
1711683920978999068
1711683921019888629
1711683921060677931
1711683921100766934
1711683921140518338
1711683921179610692
1711683921218395396
1711683921257155725
1711683921296137873
1711683921334215141
1711683921373113541
1711683921411831423
1711683921450386182
1711683921489219166
1711683921527950850
1711683921566184053
1711683921604447204
1711683921643457476
1711683921682270304
1711683921720820898
1711683921759414407
1711683921798283276
1711683921836989074
1711683921875737737
1711683921914078542
1711683921952904287
1711683921991684928
1711683922030484527
1711683922070616601
1711683922110199623
1711683922150133888
1711683922189950239
1711683922229509667
1711683922269316799
1711683922309759180
1711683922349482981
1711683922389510317
1711683922428394185
1711683922466607128
1711683922505775314
1711683922544752565
