1711676842429385562
1711676842432834568
1711676842435514849
1711676842438088779
1711676842440733384
1711676842443104507
1711676842445775674
1711676842448197473
1711676842450416727
1711676842453027791
1711676842455645417
1711676842458227368
1711676842461004833
1711676842463653656
1711676842466228315
1711676842468900003
1711676842471466120
1711676842474267178
1711676842476616688
1711676842478811515
1711676842481071601
1711676842483258303
1711676842485532503
1711676842487985083
1711676842490252876
1711676842492830816
1711676842495195951
1711676842498103828
1711676842500523649
1711676842503120963
1711676842505669165
1711676842508269448
1711676842510692237
1711676842512929042
1711676842515652029
1711676842518548189
1711676842521092068
1711676842523535533
1711676842525885616
1711676842528156638
1711676842530348913
1711676842533142264
1711676842535637758
1711676842538014559
1711676842540568125
1711676842543034715
1711676842545530938
1711676842547797795
1711676842549987257
1711676842552405932
1711676842554764348
1711676842557041516
1711676842559538417
1711676842562123388
1711676842564656382
1711676842567021724
1711676842569499876
1711676842571847563
1711676842574357432
1711676842576849594
1711676842579147543
1711676842581477835
1711676842583686932
1711676842585895405
1711676842588126064
1711676842590327350
1711676842593069243
1711676842595555832
1711676842597944507
1711676842600492240
1711676842602906904
1711676842605524166
1711676842607949715
1711676842610464063
1711676842612979505
1711676842615729419
1711676842618113459
1711676842620520155
1711676842622943621
1711676842625632339
1711676842628093147
1711676842630595152
1711676842633157989
1711676842635880091
1711676842638337098
1711676842641108521
1711676842643569955
1711676842646070866
1711676842648575840
1711676842650913735
1711676842653317202
1711676842656038575
1711676842658456520
1711676842660853372
1711676842663375429
1711676842666043627
1711676842668728855
1711676842671059043
1711676842673319389
1711676842676053001
