873437
724063
546406
542552
534063
532916
515573
521927
516719
627396
518177
508073
528490
513958
507656
529219
573385
567917
513906
510261
504843
506980
542708
546302
635729
525104
508750
452552
510417
551302
519740
589271
539791
529375
541771
519063
537708
512344
540781
615833
513229
523750
516094
562448
510104
518021
593958
558803
514531
511771
516979
507864
544688
538542
610833
538698
512083
555781
514375
514532
514427
621406
539323
521927
544427
513958
536407
533541
572292
577969
1002453437
559824218
1462605
2711875
5071666
4076667
3746094
1387968
3158750
3586459
3789635
1361771
3093281
3786198
3751302
1401823
2998386
3836458
3768073
1358802
3090729
4645156
3852604
853073
3444792
3939531
3843542
3997552
822188
3293802
3919218
3939688
813698
3363906
3879271
3944219
857968
3304219
5273125
3749011
868645
3434948
3886406
4029896
3775000
822396
3400104
3897500
3939532
894427
3259687
3994323
3838906
825573
3381875
5113125
3954063
905260
3206354
3939948
3886771
951563
3278385
4060573
3853958
3944375
885156
3210834
3916458
3912083
916250
3997657
4830104
3661510
835729
3356146
3816875
3946354
814740
3362448
3936354
3946302
3845521
857031
3357709
3956770
3838907
833281
3446094
5102083
3843125
875000
3338750
3971250
3813542
825677
3482656
3818385
3948855
821041
3329584
4072187
3793854
3893229
848542
3504167
5017083
3949792
912969
3210781
3924948
3968958
821771
3320416
3878334
3888802
857760
3443229
3874844
3931198
3953854
940104
3200834
5251875
3824583
879531
3457084
3798802
3849323
878541
3434115
3810208
3988229
837813
3378229
3813229
3887344
855156
3370209
4100677
5124427
3762708
868125
3375000
3864531
3889219
828438
3478020
3816198
3866198
874427
3422552
3932657
3888541
856563
3242396
4024427
5080989
3966042
854740
3316354
3934531
3856979
868802
3408177
3834011
3964479
824531
3377188
3859739
3864636
865312
3358750
3897396
5299688
846302
3236927
4044635
3839792
3998802
850677
3249323
4022552
3844479
866979
3449948
3789636
3860937
840313
3351875
3920833
5084792
837239
3446302
3819531
3861563
4103021
905781
3212396
3996510
3781042
830625
3429844
3858437
3912500
864427
3318698
4004375
5028594
837865
3417447
3885365
3885417
868333
3357708
4024011
3905781
3844323
822448
3455625
3836927
3940677
815156
3379167
3839062
5185782
944114
3189688
4123437
3690990
928802
3273021
3917500
4024687
3870729
982969
3288490
3894896
3864218
936823
3380261
3925885
5010938
894791
3855104
3371771
3976667
826771
3291510
3885521
3997708
864427
3235313
4198021
3770156
3821510
849636
3381719
3882708
5137187
867084
3351771
3861458
3974687
833855
3394114
3830521
3853281
836146
3425469
3863802
4007187
3944219
825417
3358594
3917812
5207552
985469
3052812
4024844
3898698
992135
3212032
3830937
3868073
919740
3283229
4002500
3836198
968646
3176666
4052865
3924792
5288020
921355
3209687
3800729
3878906
852448
3466511
3785052
3919167
834895
3373542
3928021
3854635
846146
3458333
3815782
3975312
5649636
982656
3290729
3845104
3833021
1162031
3055469
3799740
3862031
1171823
3132656
3943750
4040990
1216614
3025417
3929739
3757813
1686406
3552865
4328593
3362240
3937448
1029271
3084114
3913490
3940937
1388178
2830520
4035625
3795261
1048594
3162552
3850260
4036198
1649740
2200312
5497708
3812292
3792500
800729
3512969
3800677
3923438
804479
3502604
3753125
3951510
741354
3419115
3970990
3815573
805729
3461354
5106771
3821093
772448
3524584
3920937
3953073
3854792
768646
3495520
3837865
3958229
773334
3406614
4028281
3972292
928646
3246614
5061719
3910834
1238750
3055625
3871093
3922032
3920989
1046719
3232239
3948698
3859219
1116510
2968594
4050990
3754739
1051980
3184270
5208646
3924375
930677
3628229
3515782
3898125
1000781
3230312
3980053
3866562
3888854
933177
3247240
3970208
3730417
857969
3428281
5442917
3564947
1044792
3212917
3767239
3989688
823333
3471459
3798697
3958282
3916510
837292
3406666
3852136
3858750
877083
3347344
5136302
3907656
916771
3328698
3834271
3891823
829166
3520261
3792604
3999531
835417
3364740
3906770
3896146
3849063
843333
3442083
5183646
3831198
937500
3307552
3873490
3993594
877864
3408021
4570156
3034271
921302
3390156
3798802
3939688
3962031
891250
3322136
5131041
3955156
826511
3325417
3960364
3803594
872135
3347136
3936771
3924010
822500
3335677
3945781
3798646
826979
3489115
3939844
5244114
3828177
1303021
2942656
4333646
3363438
1598385
2593229
3910573
4069636
850573
3201614
4046511
3698802
823541
3431511
3872760
5193281
3984688
957500
3168281
3932552
3888802
957292
3282917
4005312
3728958
920573
3465313
3712135
4053229
966615
3075833
4085052
5030573
870782
3330000
4143489
3797761
3854010
872031
3301250
4002604
3864063
812135
3389636
3822760
4008750
859271
3315937
3840886
5191875
815833
3369948
3939688
3867916
3935104
832084
3450833
3838177
3974896
819063
3389635
3873229
3825573
874531
3371198
3865261
5261145
970782
3107031
3944323
3850937
953646
3244167
4032656
3889375
3893906
946094
3349479
3807292
3882240
905625
3276250
3949479
5229896
890156
3233385
4035261
3912239
911250
3279740
3826302
4030052
3872760
989480
3352239
3860833
3808907
1015260
3237969
3843177
5216458
934740
3321198
3874271
3864895
915990
3373802
3816406
3807709
943593
3314011
4043125
3840052
3852865
928593
3339271
3913802
5177917
1101875
2979062
3870834
3866927
1001823
3204166
3907657
3977291
989167
3092917
4033177
3786458
4021510
917605
3262604
3952031
5194687
833907
3417812
3894896
3850938
875989
3358750
3842396
3933281
829531
3361563
3919687
3824428
826666
3487709
3951041
4079636
4963802
815156
3330417
3950260
3816615
870625
3441406
3805729
3952552
814583
3361459
3862500
3989739
870938
3276354
3862760
3970157
5163750
864843
3350521
3905521
3888490
884948
3345520
3871928
3876666
882240
3417552
3835625
3872969
880625
3360208
3971667
3790833
885365
4718697
3931771
3943646
3824583
838125
3547448
3803959
3858906
903021
3376562
3855677
3807761
871093
3522136
3720521
4036354
833489
3249375
5126511
3852135
4097032
818750
3282968
4033646
3761615
868489
3391042
3851927
4029010
875573
3276042
3830625
3875156
836198
3522240
5085364
3814271
890156
3318021
4030209
3898125
4900468
1619271
1792552
3694636
3884687
875261
3382604
3795781
4002500
820990
3419479
5129531
3904583
888907
3293593
3936667
4031354
3868386
930625
3334375
3914218
3791407
872552
3458385
3753958
3997448
870417
3358229
4968750
3931354
813854
3359115
3859948
3994635
927344
3187552
4113906
3769532
4062448
829687
3247656
3887657
3878229
826302
3435208
5096094
3905469
827812
3456094
3838437
3872761
834010
3494167
3749323
4013125
3880364
820365
3444219
3880104
3971198
817917
3301614
5199219
3898021
1001979
3126406
3919531
3908438
922917
3233489
3946511
3874166
1052448
3238698
4147969
3670521
3885729
1053281
3238073
5109531
3842240
820260
3445000
3912552
3860886
823854
3375573
3894166
3884375
870678
3377552
3848385
3914219
3983385
864584
3380052
5196510
3830729
879688
3320000
3932343
3844792
831406
3417761
3935052
3939166
874480
3256198
3874583
3977812
821250
3333646
4034531
5207032
3776771
1011145
3255000
3810886
3913802
970885
3282084
3987135
3748698
1012708
3207292
3928490
3976458
995781
3049167
5226875
4335312
3596250
875625
3288490
3945208
3834584
903229
3303541
3930990
3873177
870208
3335157
3880468
4049167
864688
3237447
3881355
5186614
817084
3420260
3932604
3894896
3841875
836667
3514843
3788959
3928958
848385
3348855
3887500
3938281
812083
3509688
3718489
5154167
985208
3275469
3871042
3911302
3948489
910000
3280365
3919687
3870834
1090208
3125521
3909271
3893177
920156
3276302
3898542
5287396
831041
3275469
3997292
3786041
859167
3488177
3934583
3923490
3818542
873333
3418177
3810833
3908750
826094
3467761
3810000
5154948
814375
3357760
3937396
3866302
827135
3434584
3821302
3941666
3935782
832083
3384792
3921041
3857813
868229
3410208
3830729
5158542
857031
3535052
4284584
3744271
1246406
2957448
4872656
2761250
1975469
2511927
3537552
3896354
3816979
901927
3309740
3892292
5174635
857969
3386041
3955417
3794636
841979
3360052
3929010
3840990
886614
3384948
4001198
3816719
4022864
840521
3304375
3954636
5096041
827500
3339948
3876927
3889271
879479
3348490
3876510
3882084
837239
3385365
4057396
3912187
830365
3229010
4093229
3864427
5069375
840521
3443229
3803490
3913229
851042
3404739
3811615
3912552
905156
3321407
3937968
3845313
824792
3454739
3893802
3807396
5373385
848386
3317344
3891458
3849427
870313
3318072
4026355
3780885
862865
3397343
3954115
3771510
868698
3337657
3984322
3795730
899062
4594896
3978802
3988698
3772969
859114
3412709
3901250
3946406
821771
3296250
3992031
3765521
836771
3428750
3884791
3872031
868803
4627343
3936771
3810261
4012291
860834
3422031
3838594
3949010
817708
3350677
3947032
3871302
843333
3411458
3803438
3861562
841094
3386094
5041302
3884531
985313
3193906
4184010
3788802
3841563
974010
3213125
4000834
3785729
1029739
3213855
3944114
5211823
1078177
3200104
3756250
3934792
821250
3299948
3915521
3953646
3926875
873073
3518489
3823386
3764062
831979
3390677
3916250
5110417
873698
3370052
3970365
3811718
845990
3404531
3836667
3888646
874843
8143177
1291563
1917812
3810313
824792
3378437
3961510
5277709
1584791
3365157
2961718
3982292
968333
3285625
3782032
3919062
1043073
3080521
4016771
3804271
4061875
947135
3144427
3988386
5447291
893490
3149896
3788489
3849531
846719
3485990
3866510
3828386
866093
3310938
4013489
3829271
828854
3409688
4018333
7229375
1985729
1098750
3155678
3781822
3960782
1049323
3185000
3886406
4113021
1126823
3094375
3914791
4157240
1039375
2467292
3871093
3897084
5245208
930833
3153021
3993906
3814063
975364
3338907
3842187
3927552
955104
3150000
4013594
3891198
1022448
3142292
3846302
3899166
933073
4689896
3938177
3902604
3934740
821667
3408177
3804479
3950417
828906
3344427
3942500
3823698
828073
3446041
3859584
3899323
856510
4558073
3870052
3862396
3975364
855313
3374427
3986667
3801458
875885
3361823
3878646
3894844
855677
3377865
3871145
3855730
843541
3496667
5065156
3952031
868073
3259115
4039896
3948177
3820000
821406
3379948
3906823
3889115
874479
3323958
3921823
3861615
869531
3383125
5205104
3908958
879479
3314948
3891563
3903125
4146354
885833
3202969
4834948
2976875
846875
3370365
3897031
3927344
851093
3352865
5014896
3848281
834844
3492291
3801980
3864270
839115
3383437
4100209
3794531
3901979
860313
3325573
4040833
3728229
838906
3517865
5046146
3959687
864167
3285417
3876198
3886666
866667
3394531
3864219
3902396
4047291
814115
3333125
3880521
3920156
885938
3393854
5211458
3719635
1011563
3355469
3871198
3933385
872396
3288646
3910104
3725364
1036407
3428750
3967552
3822291
3776980
1064166
3235313
5184687
3770417
832552
3549479
3742604
3998177
849584
3283698
3887135
3868333
815521
3405052
3893802
3916928
3968489
869583
3389167
5077917
3927708
845573
3352083
4004427
3794480
815885
3429687
3835573
4024896
819740
3296719
3904739
3832813
847395
3508386
3903021
5234791
3782500
1015052
3224532
3860104
3992292
980729
3122552
3945833
3933073
1000625
3147396
3884739
3932761
950312
3286667
3858542
5226406
3910885
838177
3363907
3863646
4013489
818906
3411198
3775729
3863282
859375
3537500
3766041
3867188
872448
3317552
4021875
5043021
879687
3379063
3934843
3969167
3912813
815937
3381875
3820365
3929114
820417
3528750
3776771
3855312
835625
3507292
3738906
5192292
934219
3217291
3948698
3838073
4189896
977396
3071458
3938646
3838333
1021927
3216146
3884219
3909531
940000
3316615
3869843
5286146
820625
3378959
3813541
3870938
860573
3425052
3968750
3842448
3940156
884219
3314062
3973177
3793907
873958
3384219
3842552
5104687
853854
3422552
3833125
4141303
1068281
3139635
3829011
3886510
3886510
949323
3424532
3836093
3905313
932500
3214427
3864583
5216927
1108125
3020052
3886303
3908229
1093854
3114844
3934062
3820729
991302
3264011
4020833
3882188
3904323
1039479
3229479
3829062
5180313
952864
3307761
4077656
3627760
834740
3310104
3926459
3849895
852500
3380886
3981823
3828385
3982656
826302
3413646
3842344
5122656
874844
3355000
3917813
3824947
832553
3438593
3936250
3828334
850677
3353281
3896875
3901979
839167
3393802
3937500
3949010
5090365
864687
3435417
3812188
3933385
826979
3433177
3826667
4032031
871302
3588959
4059166
3566667
821250
3320885
3961094
3811667
4003177
857812
3350625
5226719
3843750
910521
3328594
3958906
3984219
889843
3251875
3771459
3884479
887969
3439166
3812917
3941354
860156
3398177
3898230
5129947
3858594
843906
3368438
3992135
3901459
820573
3296770
3883386
4001406
874531
3336042
3773438
3927135
871146
3371406
3847188
5206770
3933282
845156
3374739
3920990
3978490
831041
3374948
3785313
3898802
869896
3415937
3930365
3781666
830730
3476458
3797187
5274948
838750
3319532
3948906
3991771
3776718
885990
3456667
3813229
3999166
894532
3289427
3803281
3870313
910468
3364792
3858958
5173021
823802
3327240
3865781
3960781
3931407
835572
3466875
3838386
3991146
842135
3287240
3830573
3903854
835781
3467083
3814167
5117396
851562
3430938
3837031
3916094
874791
3343230
3972031
3916198
3983750
817552
3287344
3910260
3868750
872292
3357031
3969844
5086979
979479
3165313
3948125
3988593
1008282
3060729
4084427
3812396
3916198
922187
3251250
3933125
3896250
921563
3253645
4338230
5070885
884896
3098021
3900677
3804114
857604
3379428
3909270
3942657
820677
3323698
3957656
3915677
4022865
830833
3252552
3989323
5110989
813282
3360208
3942813
3828020
828802
3387292
3905521
3869479
873229
3364688
3931041
3826355
4060729
821510
3356823
3854531
5241355
914687
3291198
3819375
3870104
963281
3222604
3965313
3944531
923334
3302239
3803854
3902657
983281
3254531
3981458
3887188
5141406
826354
3371563
3908854
3904219
834739
3403594
3916979
3822292
820573
3483750
3896875
3831927
830781
3452083
3810105
3883854
5234896
866302
3374427
3911771
3860364
822344
3384792
3913281
3889062
816407
3408281
3873906
3887448
871771
3377864
3863334
3960156
885677
4525573
4078906
3866667
3812604
883438
3313802
3899531
3913333
953334
3278437
3959844
3790677
966354
3306406
3849584
3893333
913177
4622865
3946250
3816979
3986198
872291
3384375
3877865
3956875
837083
3304688
3894948
3854843
829480
3509791
3793334
3895989
891979
4515000
3927136
3968594
872083
3263906
4101198
3861823
3812240
827864
3466094
3795885
3905313
849479
3477083
3789844
3957813
811354
4589843
3866615
3899219
875416
3340053
3986250
3791614
4093958
824532
3295573
3903125
3873020
844844
3491302
3783750
3903073
850834
4718437
3832969
3966146
840312
3300625
3996563
3766406
895573
3334687
4040782
3888072
3837605
888958
3472292
3756666
3984219
838594
3311666
5185000
3780886
813750
3455937
3842448
3888959
851822
3486303
3791302
3861145
4024844
836979
3365730
4039062
3737135
833907
3418229
4977969
3907187
859115
3428750
3920937
3776927
863229
3453907
3798281
3898125
856458
3368698
3902136
3966302
5165781
943385
3356563
3830729
3965677
951250
3189636
3969114
3749531
976407
3320468
3876042
3977188
915989
3293698
3946406
3697969
5366146
817292
3305833
4004687
3779271
862709
3456927
3821041
3879063
849323
3423802
3840208
3941406
818438
3434219
3779739
3981042
817552
4659427
3834792
3964583
3895156
847136
3429375
3852552
3864271
823906
3505625
3773281
3919948
875990
3411666
3823750
3854375
1118386
4442395
4412865
3663542
3682343
949219
3169948
3962500
3939063
949843
3185730
3896041
3903229
947813
3317656
3838386
3886041
998698
4580052
3815417
3950469
823020
3308386
3893229
3994688
3988593
819584
3301198
3898229
3865625
822187
3509896
3778229
3919792
872552
4621094
3945052
3813437
844115
3388542
3844322
3929063
4008281
820781
3402969
3834375
3920156
875261
3407448
3835885
3929948
816667
3366250
5118541
3977761
907552
3219115
3991041
3772709
944687
3335573
4073802
3770469
3962916
964271
3145990
3957396
3877552
959427
3199479
5247031
3880938
877083
3330052
3891250
3953021
861302
3285729
3960365
3820052
4073333
834375
3348750
3827084
3995260
822083
3316667
5122917
3889218
850521
3399948
3838958
3982240
817969
3405208
3810625
3858646
840677
3494427
3881042
4002604
3802083
875261
3360312
5194011
3831198
881093
3303646
3947031
3840261
815521
3444895
3872969
3977344
968906
3129896
3972448
3812708
4104636
895885
3205521
5324167
3800729
863489
3431459
3924687
3759584
821354
3450573
3860052
5130989
1048490
1982864
3853073
3876667
831406
3399740
3896302
5212552
3861406
839636
3393750
3879635
3963438
822239
3374011
3882031
3832760
842396
3398438
3898072
3855261
843073
3476250
3792916
5237032
3892968
827761
3509739
3867084
3827083
838229
3374167
3929167
3842448
826145
3480625
3794896
3982240
867239
3259844
3896198
5190521
898542
3347031
3823281
4047448
3885208
921719
3310885
3845990
3949010
844271
3339896
3904740
3872083
913073
3413646
3861823
5035521
871875
3354583
3957396
3823854
4064635
814011
3324427
3876510
3989271
876719
3243541
4008907
3777656
832552
3472135
3827500
5209740
833750
3308385
3983646
3862604
812917
3352292
3955521
3907812
3894271
836042
3410416
3879792
3869010
843125
3464219
3830885
5124219
954011
3313854
3848281
3884740
945260
3369896
3879792
3780677
4144635
877448
3237604
3924688
3811250
959323
3339947
3833230
5151041
854271
3450000
3796927
3964115
814896
3349531
3863229
3896979
828021
3379427
3894688
4022187
3918698
872500
3325417
3953541
5076771
823854
3454532
3806458
3883802
868854
3452084
3817500
3873125
849583
3378489
3967761
3803281
3985886
831666
3406511
3992604
5034843
967500
3220521
3974584
3856041
923125
3217709
4042187
3786511
922916
3296302
3880729
4040209
994010
3060573
3973333
3931928
5256041
822344
3288594
3895625
3884062
839844
3404115
3886562
3884063
822135
3407969
3873125
3893698
826302
3417291
3868594
3889323
5267448
878906
3313854
3961302
3870834
859271
3336406
3867083
3897656
818907
3556458
3819115
3805364
831771
3463385
3791563
3956406
857552
4572709
3972343
3916407
3905468
940990
3210312
3941042
3948386
991875
3146302
3982864
3822240
957083
3190833
3978178
3843645
1046771
4612813
3844895
3825261
4061354
818698
3424219
3878593
3997032
901718
3251928
3865781
3934323
965677
3297135
3807396
3919115
973958
4525052
3883594
3861771
924791
3351823
3857500
3988594
3791250
943698
3401823
3862396
3878281
917292
3247447
3874948
3935052
981928
4483333
3822656
3892761
1082083
3129010
3914479
4089115
3790833
957917
6463385
1156042
3417552
1080469
3045781
3982761
3811145
896928
4729687
3787083
3885469
889583
3329167
3891823
3870260
852917
3629583
3728021
3990000
3827292
884427
3351302
3856354
3912292
889271
3315312
5120834
3837343
819323
3443073
3912344
3862135
824688
3457604
3834479
3932708
4016042
815261
3320781
3998594
3822343
825157
3386718
5107292
3976250
822396
3301562
3927448
3850729
870105
3388489
3939479
3826667
844948
3426614
3857917
3970625
3978802
827031
3295730
5294166
3849219
907604
3283854
3871250
3880834
870937
3383959
3855625
3914166
855000
3370677
3874479
3876980
4003073
865416
3344792
5118489
3867136
836198
3392239
3970938
3799114
838594
3502500
3783802
3901302
842240
3384010
3861615
3963802
819115
3378698
3842552
5288958
3870208
875469
3323437
3894115
3935417
850729
3338021
3875573
3905312
872969
3338646
3872500
3964635
856458
3292553
3971197
5076667
4001354
921667
3317344
3882552
3829166
922761
3450260
3778750
3873542
970104
3269844
4025417
3706927
964531
3386562
3893125
5753750
1366302
2370573
3715313
3945885
3911823
878229
3325573
3979115
3917656
883802
3309323
3795521
3972187
827709
3362708
3931563
5088125
880937
3320990
3858437
3966667
3931146
880885
3339011
3867343
3983542
810990
3329635
3899375
3865833
831354
3522709
3772239
5149011
920573
3298802
3857396
3992812
993385
3096407
3976927
3961823
3947343
996250
3116303
3976145
3855209
937396
3328437
3819167
5201875
873333
3298542
3913906
3871667
845104
3386666
3954480
3813698
4075104
845885
3391042
3955364
3734532
833281
3470729
3890104
5115313
811875
3374948
3967135
3802813
843645
3345677
4004948
3809271
853073
3409792
3836666
4075990
3818906
847396
3387240
3868698
5133750
907135
3312292
3908646
3854843
931719
3356250
3832865
3984583
939427
3233542
3893177
3820625
4045156
943438
3253281
3916823
5292448
839687
3321042
3806094
4050885
860312
3216615
3931198
3957812
836198
3364375
3788386
4085104
824010
3245573
3842709
4043229
5159896
845781
3322864
3869896
3893177
876302
3362865
3953750
4028385
991302
3208334
3784739
3870990
952083
3370365
3786823
3976094
5163333
1046667
3197343
3973802
3850886
1114844
3006093
4028542
3772500
1037344
3266458
3841875
3927500
1110208
3016355
3917708
3903073
1085000
4570885
3760938
4089531
3771510
984167
3358958
3711250
3953334
825833
3318646
3880625
3878333
821511
3455729
3843698
3884896
836718
4587136
3898177
3883125
3995937
838542
3400365
3872343
3965990
881041
3345834
3809583
3886511
858437
3409844
3852812
3874688
817708
4742344
3818802
3880417
885833
3395365
3831979
3974843
3918959
832344
3364947
3918490
3952760
857917
3286198
3892031
3896302
873490
4658281
3933542
3825312
875782
3317291
3937188
3858750
4063229
912187
3316303
3838072
3856146
867917
3395000
3824896
3928177
920104
4511042
3910937
3869688
831198
3421770
3855782
3887760
847865
3454739
3832032
3956302
3989948
819166
3358281
3928594
3878490
809271
4630104
3925052
3823125
819271
3376823
3993854
3791719
881197
3383959
3870208
3958490
3915156
868646
3448489
3788750
3919688
894896
3335364
6008334
2983437
981302
3348802
3833542
3964531
863229
3360000
3790157
3983906
862708
3257865
3938229
4046614
3790521
955521
3358490
5078646
3840156
851458
3391198
3880260
3893334
869531
3360677
3883490
3886666
818282
3383541
3883125
3904427
4002032
854479
3373854
5130312
3883021
868802
3370000
3898334
3960000
817708
3320469
3941406
3822656
824219
3419063
3962708
3822031
879375
3310990
3918593
5231459
6190000
1380729
998385
3437500
3874271
951250
3314688
3853646
3915781
954635
3220677
3909844
3967083
923698
3180052
3918907
5159895
3981563
889167
3315729
3992031
3808021
824531
3390625
3878177
3989063
830416
3320729
3871667
3879896
828750
3488646
3880573
5090885
895365
3301510
3964375
3923125
3905261
834062
3385313
3871822
3902500
874584
3605833
3713906
3798855
851406
3368646
3942239
5088959
970260
3555417
3555573
3924166
4046459
926770
3221563
3921354
3889948
947552
3282500
3886979
3915834
1025833
3254323
3897083
5090573
831771
3347344
4001718
3856823
855782
3401822
3821615
5968229
2809740
1008177
2380312
3935990
3820677
872031
3477031
3738334
5077708
892344
3329479
3948906
3821927
879323
3403802
3903021
3814115
4038489
832344
3380261
3851979
3992343
835365
3313802
3868646
5206979
906042
3213958
3898438
3891510
1019948
3188385
4037136
3756562
1002657
3206354
3897343
4000625
3906511
912239
3280000
3888855
5329791
822552
3293177
4336563
3639635
881459
3138125
3856041
4017396
897917
3455677
3845729
3740625
3956927
859063
3642500
3699635
5083698
857604
3271771
3980417
3905052
862396
3512968
3813177
3800261
971146
3369739
3851511
3808541
972500
3259584
3894323
4006041
5109792
946458
3314636
3950364
3748438
923333
3386042
3878333
3926979
979167
3168802
3918229
3826146
915937
3384948
3862657
3859948
5374427
1037968
3263646
4024688
3587864
896511
3337031
3860781
3826198
929740
3297448
3979895
3793438
897292
3496718
3868021
3768906
869948
4623438
3816042
4048541
3808021
817552
3448125
3890469
4017812
880834
3176406
4090156
3807865
828333
3305313
3987343
3795834
864271
4603020
3861719
4016511
828125
3356250
4085520
3755469
3930365
816875
3339062
3968438
3784114
840521
3382240
3899271
4001510
825104
4605990
3935989
3755313
959375
3387916
3868021
3971354
3868230
995833
3219271
3882031
3847240
974062
3331875
3836146
3873437
991615
4469167
3911458
3857448
833437
3440000
3869896
3886250
3992448
823333
3480105
3805104
3970156
831927
3325261
3954635
3808646
860260
4594271
3911406
3957969
829167
3299948
3910781
3885312
817709
3482239
3789636
4026146
3899062
818698
3463802
3848125
3856563
872291
4635625
3821042
3935104
960208
3275677
3862500
3880157
967656
3308021
3846562
3894323
3988906
971823
3292500
3857605
3842708
965573
3236041
5118073
3833594
815938
3505416
3924688
3794948
822916
3409323
3903281
3833855
827239
3404375
3962500
3903646
5204167
880521
3294114
3985573
3791198
825156
3395729
3889011
3864271
837448
3416562
3996042
3767500
870052
3432864
3808750
3904427
815886
4661614
4025053
3923385
3808073
971875
3297239
3846875
3942709
906562
3309115
6024271
1943177
1010833
2999844
3935208
3803646
951406
4588854
3866980
4004531
3867448
849271
3413698
3881093
3911771
827136
3343125
3923645
3848698
862552
3368438
3942187
3916980
877291
4543073
3896198
3833385
3991823
870573
3365261
3886198
3869010
824062
3395521
3882344
3907344
835469
3417708
3848542
4010937
874479
4462136
3981145
3798594
824323
3482448
3822552
4091563
3770052
818958
3499531
3813542
3907135
848698
3347917
3926094
3857448
825260
4706458
3963177
3768438
863333
3469375
3828750
3842136
874843
3394636
4024948
3865729
3850312
875365
3478542
3765364
3887188
864271
3448541
5029740
3857031
844063
3396041
3872761
3890729
834323
3445416
3927396
3927396
3883542
822864
3419844
3877031
3868750
872917
3365625
5110365
3939895
872657
3296458
3934010
3871042
889010
3378073
3843802
3928073
871719
3292448
4003281
3989115
3865156
815677
3374531
5143490
3967760
845000
3290990
3920052
3891563
893645
3326042
3995781
3790573
937865
3256042
3925625
3983750
3843072
937396
3318594
5188333
4309688
1712344
2099323
3863281
3835625
845000
3459219
3874010
3809219
828073
3467916
3813959
3882187
4072969
914948
3234896
5112187
3942708
827344
3433959
3815572
3960261
833802
3332865
3935104
3822864
819323
3401563
3989583
3800990
890260
3338594
3944479
5201458
3857032
935520
3387032
3828906
3946666
916667
3251406
4005261
3730885
916094
3271562
3919219
3914115
976094
3274635
3904010
5108021
4031563
816041
3361667
3876458
3897761
842604
3445833
3822500
3938438
957500
3406771
3795000
3812604
829166
3354844
3946250
5074375
866459
3492864
3799636
3976093
3904844
870469
3323750
3969791
3891928
816458
3365677
3852135
3909740
875729
3324271
3899635
5119480
913541
3312240
3965104
3816094
4014375
962656
3215104
3909740
4007760
1018698
3050677
3960469
3918385
909115
3227812
3915209
5165729
840625
3390469
3918958
3838229
905886
3300156
3922031
3970521
3896823
840208
3417083
3849167
3956510
811667
3355000
3877031
5136250
822657
3476614
3901667
3786719
821198
3437604
3863958
3930052
814375
3366927
4000104
3886719
3901875
870729
3344115
3990417
5042395
938073
3234219
3932813
3887760
981875
3284219
3876198
3919843
895105
3248125
3968541
3947344
3944062
887709
3261979
3894062
5187605
822500
3402708
3896302
3863854
834219
3413698
3866979
3995521
816875
3334792
3914739
3837865
883698
3429218
4004844
3807865
5075364
871459
3325729
4050416
3828073
830730
3336979
3860729
4001198
875677
3309531
3830677
3901302
828386
3411250
3911406
4004375
5136667
818958
3335937
3963646
3919011
927031
3173542
3926822
3863750
832396
3483334
3774687
4025781
938073
3146094
4001146
3784739
831667
4754636
3946718
3924167
3827656
853438
3417604
3866458
3889323
890781
3339532
3904843
3979584
886718
3408750
3724063
3943490
824270
4634740
3847500
3967448
3841406
816042
3571614
3739063
3908437
880730
3389479
3844114
3844167
818385
3436302
3938646
3851823
876354
4652084
3815573
3863906
4012552
840052
3392552
3886250
3857500
832448
3419635
3859271
3939063
904271
3302031
3973073
3877291
828594
4816823
3697604
4744844
892656
2574479
3812240
4030625
3968542
924635
3226250
3857083
3800521
903906
3437136
3776146
4023698
920312
4444011
3832656
3941562
825625
3429063
3833906
3878333
832240
3482240
3963437
3855573
3849427
829167
3501041
3791927
3898334
819010
4632084
3923333
3860677
834219
3483593
3806823
3986615
817344
3291041
3907865
4001094
3964896
816614
3314219
3911250
3874010
864427
4709219
4334063
3402968
938021
3259323
3859688
3871823
984895
3398490
3745990
3988854
954114
3411146
3885990
3722760
4018073
963854
4460313
3827448
3981145
907032
3363489
3798073
3849115
871458
3363177
3957344
3833802
841771
3427031
3845781
3967604
3982761
823906
3293698
5157396
3899896
871302
3354791
3937969
3828021
821094
3451406
3857135
3941355
816145
3351511
3936042
3821197
858490
3374010
3994323
5198594
3894948
939948
3157969
3975000
3910104
910677
3235260
3911980
3879010
922240
3277291
4041771
3750365
911510
3315521
4028333
5649219
3687187
1040000
3206303
3827395
3852552
1056823
3360573
3995625
3921823
1468959
3264635
3383437
3685000
881355
3046875
3808020
5260365
852083
3271615
3988281
3954740
3908958
828438
3303281
3846510
3931563
877968
3470625
3767709
3849427
845364
3412761
3907083
5104063
931302
3271614
3989532
3925833
3983698
896719
3182239
3943334
3855729
922864
3278802
3934219
3875417
930156
3278281
3934479
5165053
826718
3387813
3893229
3918490
869166
3325625
4012709
3859218
3899219
859271
3387917
3872812
3871979
877500
3361250
3954479
5134167
862760
3326355
3815989
4004531
820417
3299063
3849479
4029010
3939740
816041
3392292
3844583
3910678
830260
3425885
3832552
5145000
844323
3449167
3820833
3874063
871094
3342239
3990833
3851198
933386
3283646
4045677
3806823
3958385
818438
3329270
3965261
5139219
909895
3298907
3876198
3941979
829791
3327813
3875885
3887240
854583
3379375
3973750
3952344
3850208
896667
3355833
3973073
5120417
873958
3279115
3827552
3841302
827708
3568177
3735573
3944271
822604
3366875
3893229
3940834
810416
3344792
3980417
3991354
5058021
820729
3558385
3736563
3904531
904583
3284011
3993594
3799166
820052
3519480
3856718
3816563
904271
3289895
3918386
3970937
5239011
846458
3324792
3919739
3855990
906250
3378698
3916979
3860729
871667
3395156
3901979
3752344
882552
3422813
3908906
3934635
839844
4531823
3922969
3917708
3950833
862813
3336562
3871511
3864218
898334
3305208
3928281
3837761
874271
3391510
3943958
3802292
826458
4641042
3976250
3921823
3997760
816459
3305521
3889635
3879792
867187
3359323
3870260
3937969
829740
3429375
3827187
3861771
831823
4858958
3663230
4041770
986407
3138281
4098750
3715052
4054844
996250
3119531
3882187
3867344
976927
3211511
3915677
3917344
915312
4652604
3783906
3981459
826406
3316771
3878229
3998125
3892344
836875
3395573
3902291
3853386
870104
3377292
3953072
3812292
841875
4623177
3987084
3789739
816771
3521458
3778229
3888438
837865
3380781
4017760
3853802
3933698
824011
3445677
3831562
3948646
825469
4707604
3751146
3912239
969844
3265625
4000365
3738593
921198
3343386
3930156
5736823
2746198
895625
2719271
3830729
3900104
916927
4624167
3909323
3801875
870208
3328333
3979480
3825572
871771
3353282
3944843
3912136
833385
3330104
3974219
3887396
3865469
822239
3384792
5058854
3864844
872500
3364166
3885938
3878802
826146
3457344
3947447
3747032
824375
3444218
3858490
4055729
5082761
925885
3321510
3939636
3807864
940157
3369062
3832292
3851719
883229
3381719
3906406
3920573
1011718
3111146
3991198
3795156
819063
4720781
4076719
3880208
3817188
899635
3400209
3804739
3881927
829792
3411771
3874062
3895677
867969
3361719
3959010
3874375
856198
4570677
3801198
4118021
3867917
816354
3397448
3815000
3896614
873907
3358489
3895104
3863386
824479
3491823
3803698
3966666
879636
4508281
3983958
3809011
832500
3413594
4031614
3846615
3932083
816042
3354687
3889271
3949271
848229
3371250
3831823
3871250
870208
4716042
3824792
3970104
891406
3244844
3873437
4002709
3905156
863333
3455781
3838073
3836042
907187
3317448
3955782
3856302
843802
4672604
3765833
3899896
847656
4001563
3578489
3588282
873125
3359791
4036667
3836667
3940729
874479
3367656
3806250
3911771
850052
4623594
3908542
3839843
868594
3373594
3864635
3901615
887552
3392969
3822916
4068959
3843385
851823
3323594
3927812
3868282
838281
3422291
5125573
3979688
914114
3211355
3931406
3943958
881927
3306719
3826458
4025521
917448
3169375
4095365
3811041
3873073
923073
3281042
5165521
3864635
825365
3459166
3845782
3940937
814479
3355104
3882396
3866823
879219
3367448
3877031
4125781
3769584
858385
3423490
5141614
3800886
822500
3452500
3849739
3926823
826406
3420782
3836614
3891094
872917
3346510
3948490
3815520
838855
3406145
3985990
5205000
3837969
934583
3222448
3954740
3870468
972813
3290521
3832708
3943333
942188
3176719
3948698
3946562
926042
3232916
3883542
5282604
3875469
841406
3390521
3874167
3924114
817709
3456927
3777083
3926562
965053
3239062
3975208
3863490
818698
3363906
3872604
5163750
911511
3285468
4002969
3878542
3884583
821979
3477969
3858386
3841302
830104
3487396
3780937
3972813
868698
3270729
3998854
5058958
952396
3240469
3889531
4070260
3906928
897395
3255573
3893438
3890937
972396
3276979
3849167
3957083
911771
3246875
3886146
5275625
822240
3320677
3976458
3790833
860521
3403698
3968802
3885990
3877396
869270
3359584
3868854
4011094
831979
3308437
3871459
5086979
826354
3470729
3891667
3814219
859739
3376302
3947396
3992188
3825416
831979
3475157
3800937
3951927
824323
3331146
3908281
5137552
927604
3311719
3853438
3903073
966250
3301250
3837604
3939166
1002188
3168125
4009948
3892969
3894895
932969
3334063
3802916
5238334
884375
3318854
3893906
3858958
833855
3404895
3881302
3872657
821250
3422448
3901041
4069219
3802031
846250
3466511
3903750
5061146
829166
3342136
3890208
3850677
815417
3431093
3843855
3958385
818177
3355990
3987552
3787083
833594
3511927
3957865
3890468
5187657
825208
3307760
3857188
3916354
838906
3430781
3826407
3881093
884428
3357604
3870052
3898489
874896
3320365
3909375
3973646
5296770
920834
3248854
3952083
4670052
968438
2426666
3820886
3983698
876146
3332395
3843750
3851823
873802
3377969
3861354
4003386
858281
4567552
3898958
3918594
3875209
823854
3474114
3802969
3991042
872448
3236198
3980260
3789740
819895
3448698
3848750
3980365
815417
4588541
3882448
4057917
3834166
855209
3357864
3973125
3779323
821094
3433646
3876250
3907708
844792
3429687
3840469
3873802
867813
4677604
3915052
3823698
972969
3247031
4081562
3790938
3885781
923438
3361093
3934948
3732604
933386
3421458
3787656
3946615
976615
4479010
3849896
3966719
914791
3223594
3975156
3898125
3909271
823490
3381458
3908906
3992813
859583
3268906
3878698
3966354
819688
4579687
3966042
3793646
818125
3413958
3887396
3982448
817760
3294323
4028959
3876614
3977709
818541
3303386
3906145
3883178
867500
4655885
3846927
3969635
975678
3111614
3980729
3831979
948907
3330000
3841666
4077188
3878333
922917
3239062
3870521
6165990
1103646
1000208
5040885
3837292
866771
3363125
3890677
3878437
827136
3504062
3878490
3818021
879323
3325885
5010000
2936771
3865312
860625
3358021
5143334
3857708
833385
3371875
3895573
3914271
832760
3443646
3927813
3782344
843072
3440261
3831823
3983646
3906666
823907
3465208
5076094
3887135
916250
3270729
3981875
3803021
896250
3333958
3893959
3903906
919219
3271718
3976459
3806771
889635
3407969
3932760
5186823
3960729
859271
3401719
3757396
4036250
941927
3300781
3888958
3825105
922135
3397448
3908177
3768437
948750
3425261
3753906
5226406
3845157
945364
3424323
3844896
3849531
928438
3386354
3775937
3961459
916354
3327500
3871719
3777604
970364
3291250
3940573
5086459
1008750
3187083
4029739
4085521
3598698
960677
3286511
3856406
3928646
998541
3141719
3888386
3915729
953594
3233541
3917761
5189010
875677
3432656
3884688
3796458
4017656
884584
3346094
3879947
3881563
854896
3395469
3877395
3877813
836302
3384323
3909948
5095469
844375
3373177
3856614
3917448
835573
3376146
3987656
3982396
3809792
847083
3459271
3796510
3890521
818906
3411719
3907969
5117916
874219
3344063
3884583
3865417
870781
3412969
3851302
4024583
3999636
868020
3201511
3896458
3984271
823490
3331041
3874427
5205625
930834
3270729
3880312
3963281
838594
3361927
3832813
3895104
864687
3342136
4015312
3959323
3797657
906770
3438698
3793021
5093438
825052
3429323
3847708
3884271
863021
3453125
3827187
3848386
835364
3432500
3858177
4011406
3897605
826510
3468958
3849167
5081302
847969
3392604
3956875
3809948
865365
3434583
3877604
3836250
830417
3442552
3836979
3880990
852604
3347760
4022031
3857917
5183698
924740
3285625
3994427
3754843
920157
3405208
3809427
3891354
942813
3370625
3917187
3709063
972135
3392813
3890573
3937135
5209427
874583
3334584
3807395
3866823
841302
3480209
3787864
3987500
905782
3223229
3986302
3863073
816823
3359896
3853958
3987708
909844
4493958
4078646
3797813
3906458
827865
3439010
3833854
3855781
849844
3426406
3922084
3837031
871615
3321875
3926041
3944115
830208
4747188
3715104
3913802
3957292
941614
3326927
3862240
3923802
937344
3246927
3962396
5486718
1795886
1109114
3630052
3920313
894844
3258541
3940104
5247188
822917
3316354
3960729
3902187
3984428
821250
3328593
4021250
3849115
980885
3227604
3896042
3890729
980938
3235416
3966928
5040156
973593
3275313
3880625
3885312
4059271
988386
3215208
3840781
3960313
913698
3287760
3933177
3784323
926406
3304688
3891042
5257031
1193646
2921927
3915989
3948854
1024896
3199844
3897969
3773906
3907292
975000
3341041
3827136
3846406
986406
3209271
3929583
5167969
838594
3469062
3764375
3918386
823542
3470156
3798281
3901771
3989427
836823
3481354
3879219
3794844
900468
3346354
3881875
5162709
826927
3377344
3874427
3933750
847135
3352188
3980364
3800834
873697
3409428
3903177
3932291
3920938
816041
3356771
3960625
5075209
983541
3229896
3879375
3868021
905156
3308594
3926510
3939167
1082448
3054479
3994167
3793958
4025052
982344
3212500
3913437
5153125
824844
3589740
3853073
3904531
826823
3322135
3857448
3908594
815729
3511510
3730886
3967292
848489
3328333
4023490
3918906
4992604
838646
4235938
3282291
3649011
838802
3470885
3811823
3877240
876198
3364010
3895729
3903646
853334
3362291
3862813
4010104
5105260
890157
3501145
3738907
3889531
835260
3400677
3859219
3890990
886614
3342969
3889583
3890730
837031
3450781
3809635
3903282
847552
4689583
4066875
3817188
3943333
843489
3299636
3983333
3883386
823750
3374114
3926771
3873594
845000
3304896
4058281
3801042
921666
4412604
3998282
3803281
3964062
818490
3423906
3842761
4011406
817812
3327917
3898646
3896354
831875
3470104
3787709
3907447
872553
4582604
3894375
3977760
822708
3388178
3897500
3905468
3853542
861719
3404739
3876407
3892552
836093
3394375
3922605
3814166
862084
4713333
4002760
3788594
850573
3407187
3812032
3954948
3959375
890104
3480312
3711407
4023281
914583
3166198
3989896
3817917
935260
4494896
3845364
3907292
819479
3438750
3852396
3970208
901875
3245469
4062813
3828385
3913646
817812
3380782
3873281
3927969
869218
4574271
3887396
3893854
870208
3351823
3895469
3883073
835625
3379167
3978229
3780573
4108281
824375
3324323
3890208
3875365
869739
4677292
3788125
3930833
974844
3389896
3739635
3967240
1089115
3001718
4160625
3709167
938802
3192031
4126250
3791459
3923906
977135
4495573
3846979
3904844
833802
3374740
3922760
3853698
992240
3306198
3811510
3926406
887240
3307031
3924948
3847917
4097864
819896
4572761
3960468
3809427
821094
3501354
3779011
3987969
822083
3315052
3917604
3897604
816459
3379375
3857864
3928646
866354
3316667
5355416
3803282
3917552
959271
3302187
3821198
3867083
996302
3222709
3945573
3846302
936510
3368021
3823125
3888385
1046928
3209739
5208281
3857605
3952395
876094
3335000
3975781
3798698
899427
3618959
3685052
4003073
958021
3240572
3790625
3866875
931719
3461771
5009063
3947500
921354
3250260
4008177
3893906
3821719
992188
3293802
3849219
3900729
910781
3296198
3908437
3856719
972708
3346407
3786406
5148802
1097917
3192864
3885104
4036250
3770730
934218
3188230
3937291
3868386
1003541
3298802
3808907
3974010
972083
3136615
4048021
5318125
1290885
3403750
3390365
3703802
880312
3363229
3950157
3973073
3889583
824844
3398750
3837968
3897917
872865
3383281
3882292
5134791
828073
3289323
3884583
3972709
879635
3246042
3960677
3800573
4023542
816250
3403229
3945312
3807344
825000
3408802
3974740
5060937
885208
3411042
3815729
3937813
815677
3379844
3859531
3885156
856979
3377657
4066979
3806823
3971562
966042
3164844
3915364
5300261
900208
3218750
3924739
3847188
894635
3384011
3849687
3910625
853646
3426719
3853958
3899740
3967968
903698
3266563
4026823
5045625
821146
3313698
3870000
4004687
875781
3244427
3861563
3915937
824480
3402083
3946667
3817760
873073
3433229
3926406
3937500
5070782
818385
3407240
3908645
3880365
876042
3334583
3897448
3964479
822969
3396927
3818073
3878698
831927
3388177
3924167
3934375
5305104
871406
3317760
3943855
3882343
897604
3297553
3940208
3885729
870260
3214584
3973333
3910156
874896
3443177
3797344
3851875
898333
4499219
3960990
3896718
3875313
908177
3343073
3860417
3987031
816771
3399375
4669271
3095104
861041
3336615
3873437
3876719
870938
4609270
3896980
3889218
4009688
847083
3425990
3810677
3955312
816927
3329063
4002031
3785573
825104
3477761
3800989
3965938
819635
4713229
3776875
3871198
1067448
3210261
4136250
3708541
3940834
1010260
3188906
3841354
4003178
979895
3074688
3951510
3874532
1056822
4431198
4065000
3706355
822343
3396615
3880104
3969688
3933906
837031
3463073
3816198
4204219
850677
3183437
3855573
3808438
827083
4688750
3925781
4144740
857760
3031667
4915364
2941198
817448
3371771
4015261
4249843
4069063
906510
2692240
3903229
3886614
839584
4645521
3897812
3861875
1002604
3161667
3957240
3991875
1008229
3043281
4026667
3874114
4030677
972344
3113333
3972865
3942448
1105208
4273802
3893386
3978125
821146
3331562
4054948
3712344
872396
3314635
4469687
3410938
818437
3345938
4041510
3882344
3826927
823906
4650886
3891406
3929896
880208
3277344
4007083
3789323
823802
3460521
4023229
3693959
873125
3337187
3947292
3827187
4100990
814844
4570729
3882083
3906042
999323
3205625
4142031
3642656
901771
3391823
3973646
3722187
1034167
3292083
3815886
3914114
936719
3359688
5184270
3852917
3902604
838906
3411355
4082031
3759948
932135
3420209
3808333
3844271
1001406
3262865
3979166
3769063
1021875
3314791
5081042
3750208
4032032
914843
3309323
3977240
3762396
933802
3765781
3809427
3628646
922240
3222916
3902917
3916979
921510
3292813
5057969
3988698
1111718
3021355
3985937
3871823
3893177
936875
3227448
3874687
3974948
825052
3299063
3984115
3902187
948542
3172760
5228073
3918281
829011
3313698
3893645
4080209
3896666
879844
3323125
3810261
3895052
857916
3349427
3938646
4037500
838750
3223750
3955000
5145469
847240
3287864
3941511
3783177
832187
3406771
4123646
3787135
3855834
838750
3397395
4017344
3764688
888489
3411771
3776823
5321198
907552
3196458
3894271
3844740
839843
3443542
3900365
3789323
3995416
824896
3502344
3882656
3825729
844532
3444947
3850469
5199636
875625
3373802
3760104
4059948
841979
3240260
3958959
3877031
909583
4055261
3663854
3673750
3732864
848803
3479687
3704844
5131614
828594
3393542
3872500
3966562
913490
3226719
3916458
3938542
815416
3391354
3913750
3801928
4075781
815781
3596458
3728907
5213697
1003750
3162396
3882709
3936875
1007031
3135833
3911198
3861302
923646
3458750
3764948
3846458
945886
3320989
4019323
3831667
5328594
1011406
3083594
3791145
4284532
1052448
2858020
3818178
3907135
1130521
3119896
3843333
4200156
979844
2971042
3909479
3785833
5327083
820573
3281927
3944063
3827812
822396
3508073
3809115
3977552
858750
3249271
3970885
3836875
853281
3437344
3927813
3779843
830990
4626771
4025885
3873959
3953750
819635
3313021
3947031
3829792
815156
3500833
3933490
3848802
815625
3334062
3904271
3871875
869167
4625677
3847917
3965312
4043333
1000990
3072083
3924375
3894063
984323
3210104
3904062
3999532
987396
3094166
3962813
3920000
924218
4627032
3745416
3882605
838489
3462552
3971511
3839948
4015156
815885
3348281
3839063
3864479
848229
3434636
3837760
3960886
870468
4638438
4554687
3331667
877448
3168281
3985261
3745937
4066563
870885
3310625
3919219
3861510
818386
3396927
3946666
3938177
848542
4587865
3890416
3900313
986875
3157760
3950313
4032916
1151875
2922813
4167083
3785677
3827865
1036771
3179010
3913698
3845313
1105989
4573125
3871563
3871823
913489
3340313
3771666
4047344
927031
3147552
4063907
3715625
4011927
985989
3224115
3975729
3786719
983073
4509062
3910990
3794010
987396
3239635
4032969
3646563
830468
3507969
3788906
3887136
869010
3357917
3992448
3957083
3829271
835469
4609479
3988698
3794219
829947
3420782
3858229
3908333
899896
3382552
3838646
3943281
838073
3318958
3954792
3826615
3988021
831510
4799844
3857396
3906145
839740
3369583
3889948
3867709
904114
3278646
3947917
3893854
817239
3397344
3903177
3864011
903073
3249895
5197813
3959896
3830312
875781
3323230
3968750
3806770
834896
3399584
3882708
3912396
873489
3310104
4019428
3863281
816094
3356354
5106666
3914219
3973542
818437
3439636
3855468
3894584
820729
3392500
3902604
3864427
834063
3429635
3860104
3892032
854218
3369323
5211146
3924948
856562
3331459
4051250
3847187
3906563
861666
3337032
4056093
3741719
887188
3449010
3806719
3940000
873906
3329636
5002343
3876511
861510
3489479
3825261
3825573
4063020
817917
3349219
3851719
4003177
910208
3193073
3996302
3821875
825156
3382084
5120208
3947656
872709
3285364
3908021
3893542
820104
3397864
3991354
4000365
3783854
821823
3389688
3889479
4036614
818698
3268542
3888177
5090052
1005208
3115209
3935729
3901094
942187
3185781
3968646
3936146
3961511
929010
3208750
3971094
3854479
1055208
4478229
3843177
3871928
832916
3477188
3808750
3870729
970781
3287813
3961458
3876354
818177
3337188
3994479
3909739
3939688
822396
4597448
3941666
3810886
872916
3333021
3916250
3957240
826094
3328645
3867813
3936823
816562
3370313
3904323
3867031
4028281
818750
4618802
3902709
3871406
993802
3221094
3896041
4006250
971355
3114375
3951302
3857031
1029010
3173334
4036979
3785625
962291
3275261
5325729
3904219
3851250
1328333
3717761
3149218
3883907
878854
3310625
3858281
3899844
820156
3488437
3840521
3794115
830625
3439323
5082864
3833698
4023646
847604
3400782
3861302
3977760
825313
3312343
3861979
3954636
822760
3534427
3775417
3914948
994271
3278958
3914427
5106198
1086511
3050572
4147136
3746771
3932812
1062448
3100156
3918959
3966354
1033125
3232656
3896302
3770990
1060052
3135156
4004844
5108229
963646
3249479
3946510
3796094
4112292
932396
3333906
4050052
3511615
828750
3373072
3906615
3948854
829011
3363385
3877604
5112761
872239
3310104
3913542
3859375
832396
3387604
3992917
3908281
3895521
818281
3391042
3951979
3843385
873386
3326510
3896458
5129688
831406
3476511
3777343
3932605
863489
3336719
3935885
3932761
3912812
836875
3469844
3804687
3872500
823125
3464323
3821250
5272240
849375
3378594
3792968
3925053
865937
3348125
3901198
3866771
915729
3401510
3902240
3876042
3988177
855312
3322709
3839218
5116979
821875
3406719
3877709
4016041
889427
3188073
3965886
3827291
829792
3493437
7317969
1339844
3156250
820937
3263282
3978333
5194167
930364
3309792
3742135
3974792
822812
3320157
3996979
3790312
864063
3511406
3842708
3775521
845573
3337656
3926771
4011250
5267240
858854
3243490
4063541
3886979
965886
3290521
3903646
3680364
1024531
3344115
3936719
3758906
975625
3251510
3923646
3778802
5375834
913489
3249792
3858958
3955365
968750
3218385
6273490
1540156
985990
3245781
3810469
3976718
921459
3249896
3849895
3870730
923697
4628125
4169063
3583594
3948698
891406
3280156
3905000
3936354
832709
3316302
3865156
3895469
868073
3461979
3804791
3871250
957396
5522396
3356458
4431823
3474427
1186094
2900990
3895156
3772135
1222396
3533698
3733594
3941146
1041510
3229583
3879063
3189531
973542
4604739
3811042
3856563
845416
3486146
3984531
3822865
3861198
845469
3486406
3855937
3887448
839011
3391718
3839636
3866562
870261
4620677
3859948
3910208
845261
3362187
4023177
3735417
4035781
850000
3348594
3924010
3936042
817083
3401563
3889062
3831563
881041
4581667
3968906
3791198
886094
3326146
3907864
3944532
993020
3212240
3991146
3835729
3933177
970417
3178177
4032656
3799323
906250
4685469
3811250
3844166
856615
3515573
3768177
3991458
824844
3324583
3864219
3876458
4025469
845209
3440625
3849687
3850260
871980
4593645
3866928
3930104
826458
3430885
3824584
3851094
831979
3496302
3804896
3902031
849010
3357292
3920052
3959844
3910364
849532
4676093
3871302
3917813
887031
3202969
3931823
3883489
865417
3355104
4046615
3835885
974427
3143125
3992865
3791667
4011718
905990
4654375
3857604
3865729
863750
3430313
3910052
3793906
877761
3364739
3960000
3893958
825313
3371719
3833021
3880156
838385
3416511
5101822
3944584
3952135
851146
3313750
3905833
3880730
834583
3433333
3978594
3771250
872812
3400730
3872135
3824167
883125
3389948
5173020
3830261
3965469
871250
3404427
3844323
3914791
924011
3287291
3980365
3768437
833542
3441458
3846355
3939635
846563
3411562
5182917
3806718
907865
3349792
3850208
4047865
3853333
890625
3372917
3941041
3817500
839532
4035729
3606302
3503437
863282
3384947
3871771
4945521
838177
3511511
3787708
3891250
3987708
853594
3469010
3921042
3738958
852500
3405730
3950781
3890937
817709
4571718
3899271
3867865
872083
3435938
3834270
4018594
821094
3269010
3967240
3890677
3906719
865937
3349792
3894323
3952083
817865
4661614
3802657
3893698
959010
3416510
3724532
3999739
1001927
3141250
3850313
3909479
4097135
1000157
3077916
3915677
3907032
970156
4512344
3956614
3850834
822552
3383385
3964688
3791197
846459
3468385
3786198
4000417
816927
3308698
3984479
3968125
3822500
833646
4608125
3950260
3846042
831979
3431823
3855208
3942709
817448
3356510
3900417
3874948
816354
3493541
3801615
3886458
3986302
836355
4762708
3865885
3804584
1004166
3155000
3950261
3874010
908906
3270313
4060469
3772187
944948
3216562
3945990
3892813
907187
3258385
3950573
5157292
3976563
823541
3327552
3859011
3961302
825521
3369895
3851771
3884844
852500
3446146
3840052
3865781
863021
4582188
3886406
4030781
3902969
873177
3381094
4523541
3478021
844479
3169063
3900312
3774844
868490
3382135
3941354
3842761
847343
4623125
3950417
3813229
940677
3318802
3856146
4046563
3826927
867396
3337812
3982656
3814427
921250
3321407
3868541
3960365
932448
4537396
3929166
3803177
847605
3425000
3841823
4000937
3904740
886770
3417761
3787083
3923281
835365
3374323
3979739
3784219
873125
4659479
3977657
4188437
912865
2993333
3852344
3979323
946823
3092187
3931563
3922968
3999948
896094
3306094
3840833
3897240
884323
4671770
3787709
3922448
869479
3288958
3948594
3825469
849010
3374531
3971563
3788125
4038229
876771
3296302
3939844
3840573
868385
4711719
3854948
3870937
865886
3376614
3953802
3805104
866198
3351511
3898177
3881510
864896
3398698
3864115
4031406
3897656
902656
4516980
3867708
3968125
815729
3308125
3982083
3789375
867552
3401407
3873593
3889844
820833
3462292
3847188
3849323
4005468
874844
3364427
5117188
3876927
851771
3399583
3880208
3887865
826771
3462448
3830729
3862864
849479
3402657
3917968
3858698
830261
3363073
3995156
5260573
3755364
920938
3352448
3980156
3755938
990312
3287136
3974010
3708073
954479
3421667
3789479
3995208
895052
3258386
3912187
5084167
3982239
832917
3483542
3860521
3911718
812865
3354896
3847760
3917396
820833
3398646
3964688
3815000
868021
3435208
3790885
5158490
822448
3388385
3884011
4084583
3802760
839323
3391719
3969688
3788385
867031
3430417
3848906
3962448
824948
3288385
3904011
5155885
915000
3226198
3977656
3934375
3944167
926719
3221823
3957187
3973438
918541
3201094
3892344
3907760
951511
3284218
3869844
5237708
875782
3254271
3935416
3917292
818958
3318542
3884479
4064063
3903958
837604
3306406
3876771
3963229
848854
3400469
3787552
5164427
837865
3378646
3892239
3949948
875469
3268385
3948750
3847344
3990052
921511
3292708
3928281
3858282
828229
3464062
3826459
5145416
914427
3232396
3948542
3983437
925000
3163959
4006093
3825677
921771
3240782
3931718
3990521
3904167
945260
3297865
3874531
5161094
829687
3536511
3838645
3754948
870573
3667240
4226354
3544479
952500
3241198
3877188
3878020
4011042
877083
3337032
3959375
3825729
823802
3369167
3904375
5118177
837239
3450938
3907969
3820885
820521
3394687
3888386
3958073
874375
3268073
3995885
3889375
3922083
823594
3471563
3819583
5126771
975416
3222292
3990990
3791093
935469
3249948
3936771
3873229
966563
3251510
3999167
3804114
4077136
913229
3192187
4011146
5109740
819791
3384688
4026927
3756979
843646
3372552
3912448
3987656
821302
3306198
3847552
3981615
816406
3356146
3908177
3993802
5133542
816302
3350208
3891771
3960052
821146
3327292
3879479
3925729
873802
3306615
3890468
3888282
847656
3415989
3849896
3949844
5185885
881250
3399011
3838125
3936510
947396
3191823
3932812
3856094
909740
3319010
3889479
3901094
1001198
3206406
3969479
3819792
920000
4612813
3861198
3996666
3887136
859895
3488073
3776094
3979479
831042
3347552
3855104
3875990
849219
3379166
3958490
3891354
824167
4631510
3760521
4000000
3985156
808646
3369583
3924636
3878229
830625
3352812
4197240
4279167
918593
2636563
3848073
3891198
845573
4686458
3837917
3900312
872656
3344271
3866979
4007136
3871823
826614
3393073
3948177
3875625
842500
3418750
3834219
3931042
823073
4698177
3827968
3961980
897343
3252604
3873178
3956718
4045677
867136
3287448
3927083
3867760
852813
3361562
3823542
3930521
845312
4608855
3906041
3847032
846614
3420261
3840885
3850521
839844
3511614
3762396
4092708
3801407
823802
3438177
3854218
3891928
859375
4615364
3964844
4039948
844375
3165885
3842084
3959895
872240
3302604
3920104
3842813
4038906
863333
3324011
3996823
3796354
818958
4764375
3796146
3877865
949791
3367240
3912031
3813021
1125833
3082813
3874114
3912917
965365
3325260
3902187
4003594
3769323
946042
4548958
3919375
3851875
874271
3441458
3801459
3920573
815260
3404375
3895781
3821094
836927
3407135
3891511
3874062
3994271
823073
4622396
3932240
3933593
820000
3378229
3820730
3920781
822864
3464948
3841459
3832864
844844
3431563
3934427
3823020
834375
3403542
5162656
3975521
3967813
940677
3151302
4004114
3793907
919479
3287083
3913646
3972708
997969
3097448
3964583
3866355
979375
3274374
5143073
3828698
4104740
860521
3299479
3889010
3935365
817604
3370833
3848750
3916980
827500
3393906
3882187
3848334
823125
3419010
5201094
3889375
830833
3398750
3857136
3970052
3920052
819323
3438125
3834323
3879895
867657
3440573
3770208
3996302
818906
3314323
5175833
3867917
953958
3225417
3997969
3814896
4072812
903386
3229062
3921563
3878281
964271
3283229
3894271
3814791
921355
3414687
5160000
3828021
847864
3448386
3908281
3796979
870834
3366562
3932865
3939687
3954636
826458
3317865
3961145
3835886
842135
3369896
5105417
3947083
814479
3364323
3850156
3944219
891458
3298230
3912447
3851303
4108750
818906
3376823
3908125
3913281
873698
3240625
3940885
5097969
925469
3336250
3837291
3902969
923177
3252657
3996510
3809531
893906
3392292
3840990
3973229
3930521
941458
3207552
3952917
5044323
882708
3420208
3806927
3952136
826354
3353281
3938542
3815677
856719
3349687
4970261
3115364
3760000
893282
4493020
3974480
3809479
813593
3461146
3841823
3885573
877656
3387188
3830417
3982500
824479
3397396
3898645
3775365
872448
3404635
5098698
4011511
3857239
847031
3486198
3790886
3903646
973072
3252761
3976094
3859583
826146
3421354
3788750
3904687
846875
3336563
5271354
3799583
4098282
898802
3261562
3928438
3803646
909166
3386667
3927031
3862396
875625
3397969
3845729
3812240
878177
3399323
5086562
3872396
871823
3353750
3891927
3981302
3882760
873594
3431198
3815000
3924740
825729
3399114
3878230
3936302
815260
3405781
5062188
3901354
879115
3312916
4054427
3738594
4097760
821615
3325885
3869896
3880782
864895
3362917
3879635
3918178
823437
3460313
3830260
5139375
934583
3217969
3912917
3914062
932083
3235625
4181719
3763854
3991667
979271
3148698
3872448
3887968
983282
3178489
3959584
5158593
822709
3378854
3884427
3887396
886979
3363281
3880990
3945208
3939479
875990
3307969
3997812
3895052
814844
3339792
3846927
5253125
822239
3318542
3877135
4603907
1548541
1925365
3933229
3898333
824271
3454531
3833750
4072813
3818229
824427
3457448
3809011
5126458
952500
3344323
3854635
3853802
938125
3243854
3966771
3926771
914896
3308802
3836094
3888333
4061302
917656
3309323
3804636
5139375
850104
3449896
3884219
3791666
835834
3445729
3851354
3868646
841458
3488385
3823021
3846146
844323
3493958
3829375
3980365
5176302
821979
3362448
3859063
3918177
878698
3364166
3867500
3869531
831928
3500312
3872292
3804843
831771
3471771
3823750
3895625
5333542
895885
3225886
3963593
3791615
963021
3322187
3849115
3886458
937500
3244792
3911927
3967604
984167
3132344
4009739
3831511
906718
4587448
3936875
3926459
3990364
818646
3365677
3862500
3883177
888333
3329636
3900208
3870834
829479
3431458
3876823
3864531
880990
4565416
3881875
3881042
4006094
875833
3377656
3994011
3753281
822396
3488437
3807605
3960625
820260
3324375
3880677
3914844
850885
4599375
3958281
3807396
837136
3403125
3879896
4064375
3834895
827292
3453958
3827917
3951979
936302
3209323
4012813
3771562
824531
4684375
3957500
3811407
899687
3424115
3809479
3850052
4035365
861041
3328959
3928541
3869011
843646
3419218
3869063
3885937
884479
4515469
3989011
3809218
881511
3325416
3994428
3789739
852917
3447864
3894532
3937864
3886250
821979
3378594
3884323
3997396
874687
4589115
3821406
3947552
817865
3316302
3973385
3781615
851250
3493229
3810417
3870833
823229
3381198
4014219
3891510
3906511
878125
4765104
3810937
3849323
893073
3369584
3808802
3884323
862864
3434115
3901927
3968906
869583
3166094
3933802
4002604
3842657
895208
4601667
3870989
3872969
820156
3500781
3830573
3855886
888281
3403542
3823333
3860781
819063
3436406
3856250
3916667
3997604
890677
4658958
3791146
3904948
847031
3382813
3871875
3974271
813541
3344584
3957395
3806771
826042
3472135
3820052
3964115
815313
3340572
5159219
3992604
3883073
958229
3333594
3790156
3874219
947917
3314792
3840312
4013125
985781
3088073
4106458
3713803
929479
3242604
5570000
3605573
3912187
822188
4073385
3584167
3601146
885729
3264948
3967760
3807240
848906
3424844
3855729
3946771
822708
3340000
5125625
3965156
853490
3311354
3903958
3956250
3900678
861041
3379948
3882708
3856771
860209
3463593
3794115
3975885
824584
3312864
5176875
3922761
931562
3154063
3946562
4071042
3823646
912708
3294792
3985104
3828854
911510
3243646
3964740
3831458
1017240
3291198
5211510
3752083
822865
3390000
3936719
3840312
894688
3436094
3789843
4002500
3970469
821667
3359635
3827969
3907083
874271
3354062
5215157
3839166
874532
3292395
3927500
3849375
823386
3397864
3934792
3897969
869896
3319010
4071511
3796979
3920573
824010
3456563
3897239
5057604
933802
3238750
3947657
3930364
1000052
3150000
4010365
3781562
912709
3367760
3843698
4070885
3808438
890521
3400000
3805000
5291823
886823
3257239
3958698
3805104
906198
3375625
3829167
3899531
878854
3343959
3878020
3880417
4048333
875313
3305677
3900313
5089583
822917
3482500
3824583
3964531
823802
3326927
3952604
3814271
820157
3474270
3819427
5478073
1799896
1295938
3525520
3986771
5053698
845834
3354583
3994323
3767031
881198
3466250
3785937
3887500
835990
3418906
3938438
3855052
872917
3283854
3942968
3834688
837292
4738437
4126250
3858073
3824740
906666
3341407
3875520
3800313
880208
3531615
3713073
4012604
826094
3354479
3921146
3794479
890573
4546614
3841042
4041354
3861042
872135
3355000
3940261
3856927
829791
3358282
3876198
3876562
818333
3430417
3961510
3814948
835261
4664531
3878958
3847761
822552
3513854
3891667
3926979
3894739
872084
3345312
3842292
4008385
818542
3307240
3984583
3810937
869480
4714635
3945573
3857500
834896
3372864
3861615
4103125
3881406
874636
3354218
3765782
3993281
859323
3325937
3844375
3861979
904063
4518281
3916615
3843698
823802
3457239
3844792
3848125
4104062
907396
3194219
4028958
3757448
819063
3437864
3848855
4000416
820261
4574895
6966355
1202031
887292
2959270
3868907
3879791
843334
3389479
3884687
3994115
3889479
876875
3367344
3873854
3956042
846041
4646719
3845156
3862136
940156
3205417
4126458
3691458
1039167
3438073
3618333
4029115
1191875
2881458
4112083
3808386
4165260
883386
4402552
3816510
3891875
889583
3363334
3844427
4178594
915156
3044427
3940260
4069063
958750
3001250
3985469
3909166
4116667
1023281
4312448
3895313
3795416
822448
3418594
3875573
3941979
848802
3343073
3898281
3863229
868125
3346980
4050468
3849011
826875
3262396
5382552
3937916
3837396
994531
3067344
3968073
3883698
980781
3198594
4023802
3860833
1139271
2936407
3940000
3879114
1014167
3213385
5188177
4034792
3967865
830885
3209062
3997605
3787291
844844
3478438
3811250
3871458
826979
3471250
3824740
3889531
838021
3371250
5208854
3954010
845886
3273385
4060990
3798906
3946562
879636
3376250
3879531
3877500
855677
3497917
3707812
4023698
830625
3234011
5294479
3746510
918854
3358177
3840053
4077239
3781198
982083
3249219
3883854
3920834
973958
3263490
3881927
3837604
921302
3322812
5186355
3874322
876198
3370469
3921198
3837188
833333
3426719
3982708
3999010
3772552
838178
3425989
4702136
3293229
833281
3166562
5051771
3995677
819636
3301823
3901198
3935000
813020
3394792
3893594
3959844
3860833
860208
3468646
3879011
3802447
869584
3350833
3990573
5040729
836771
3389531
3881615
3897708
853490
3496093
3831146
3800157
1237395
3086146
4094427
4013594
3736354
1116615
3005469
3965104
5088073
839062
3424948
3810625
4040469
831510
3266719
3929167
3868281
905729
3432865
3758125
4030156
3834687
849636
3448541
3876355
5041666
813750
3388386
3982187
3777188
819375
3426302
3956354
3842812
874844
3312761
3925364
3853281
827761
3483021
4036302
3803750
5103073
869479
3369583
3842813
4006718
890678
3325312
3821094
3845364
818959
3520573
3777135
3941875
853125
3328490
3934843
3957136
5205885
908438
3372812
3850729
3889740
899114
3333073
3982188
3735156
859636
3418802
3863593
3924323
913386
3379427
3823021
3839062
917031
4524584
4038698
3837135
3883385
834584
3489844
3769531
3982031
821823
3308125
3910521
3875781
822240
3413854
3853698
3924635
821406
4637813
3929323
3961614
4815886
1078229
2367240
3777968
3850261
833541
3406250
4042188
3746302
830469
3446093
3821042
3945469
814375
4666354
3800625
3899010
1014896
3234479
4056355
3778802
4016875
984271
3151718
3875938
3881927
969896
3208802
3936614
3932552
959532
4492135
3859375
3907708
815730
3385052
3910833
3992552
3903646
858542
3371770
3880834
3864166
869844
3379115
3924323
3841875
885104
4579739
3899011
3871510
868281
3370573
3869792
3903333
836980
3447135
3937865
3953385
3819583
827084
3551406
3751667
3951979
820677
4702291
3734844
3925573
970156
3263125
3881563
3990625
955885
3092136
3935104
4016094
3871562
929583
3255313
3948177
3890156
995521
4482188
3923125
3842656
872500
3329323
4009479
3767135
864063
3392812
3857396
3902188
834479
3367708
4039167
3924271
3845260
895521
4558021
3981562
3790313
822239
3460730
3957239
3774479
869479
3333334
3935416
3839323
820417
3446979
3860938
4055312
3818698
829010
4763855
3778750
3984427
1022396
3065520
3942709
3865208
888177
3409219
3836510
3886094
916927
3272917
3916823
3876198
943906
3293177
5338229
3830365
4003541
825990
3319010
3864427
3893178
877656
3354896
3887395
3887188
834167
3404479
3965416
3853698
882657
3280260
5164948
3938698
3864844
840989
3497500
3845625
3980625
885469
3177812
4015157
3761823
837343
3466823
3808021
3893542
814791
3384011
