1193385
741823
661042
784114
657188
1001584426
584444583
3945000
840365
3335260
5357240
3849010
3860521
770677
3480782
3878073
3931927
745989
3421302
3942448
3877292
716406
3492604
3851354
3950834
740260
3424792
5186823
3985104
3874115
740729
3491562
3860729
3940469
737136
3413229
3939583
3884115
741614
3414844
3933437
3880990
710781
3490573
5138438
3968802
742083
3404688
4032239
3856406
3965521
739375
3410990
3877812
3968802
748594
3407813
3947812
3851094
709792
3488281
5167656
3864010
863178
3398802
3886354
4009010
3973646
734792
3409375
3993646
3829739
713750
3505417
3891510
3828177
778907
3451041
5131146
3931042
712916
3435105
3902916
3918594
730885
3433802
4052084
3876041
3927240
805885
3425990
3862188
3936927
764687
3367396
5176198
3898073
788177
3447135
3874896
3893594
706667
3453177
3911458
4052083
3857032
700052
3482916
3906875
3937240
761562
3423646
5137656
3905573
773646
3431979
3912188
3887239
789792
3397552
3897917
3909010
4034427
797917
3351302
3907813
3938593
899063
3237031
5199479
3873854
708282
3526041
3850990
3941458
750000
3402865
3928385
3932500
680677
3505834
3870364
4050886
3846145
715938
3527448
5110781
3921719
724062
3504688
3851875
3953854
703542
3423750
3893437
4587448
3866250
3847761
3747552
4006198
938645
3268386
5232500
3917083
1244011
2820260
3819844
3919114
799740
3360729
3927240
3936302
823906
3310052
3966823
3918594
780000
3325573
3976354
5205000
3967500
773333
3394219
3865364
3905834
733177
3426562
3984584
3912552
748073
3376875
3959062
3853542
744271
3478645
3888282
5147656
731615
3488750
3944062
3915000
3969271
732864
3395365
3910313
3915052
736041
3431250
3967552
3860625
722865
3442135
3977188
5106667
769843
3456042
3869635
3988907
3913541
724584
3455208
3958958
3854219
911510
3264428
3970468
3866667
721823
3455573
3902552
5173489
792396
3422761
3850781
3988750
738021
3376302
3991719
3965781
3874062
743855
3463125
3877135
3919948
727708
3438125
3906563
3972031
742969
4664791
3886146
3954271
719740
3445156
3860989
4046511
3874479
729115
3509322
3845938
3911198
741979
3426146
3936354
5208906
726094
3402135
3960730
3858437
742917
3468073
3858593
3919115
725990
3443125
4004739
3908698
3914636
723645
3460157
3960312
3909531
756459
4664687
4008490
3771979
712396
3502760
3904375
3881927
722761
3512968
3845730
4075625
3869531
737917
3474114
3890677
3903906
717084
4655989
3898907
3929479
756198
3410468
3924480
3902500
707448
3491927
3882812
3907448
4026719
719219
3440572
3948594
3892292
721042
4692812
3913333
3907084
705104
3525677
3867239
3951355
731302
3391406
3931198
3896458
699948
3523021
3860260
4014480
3899114
702656
4765209
3958541
3824219
776406
3451563
3945937
3803177
758855
3488385
3883021
3881302
783594
3455052
3875521
3954114
743698
3470000
5188646
3897760
3900782
700729
3459323
3919010
3936563
723698
3476197
3883438
3895365
715520
3519844
3856406
3901042
756094
3410937
5188125
4003907
3903072
730938
3429583
3969271
3866354
729271
3453281
3890157
3977864
734688
3386927
3924844
3944687
720833
3407917
5180469
3925156
791510
3355105
4048333
3855156
3927552
781042
3423750
3905729
3891302
776250
3397552
3914115
3917187
802344
3393385
5137553
3915937
725417
3431458
3919740
4002500
3917864
794479
3370521
3965990
3870833
711094
3500312
3859584
3962031
773229
3364948
5207292
3865104
726042
3455052
3907656
3913698
710677
3444479
4053281
3870990
3923646
718385
3444271
3961771
3859375
703489
3469375
5175886
3913958
811354
3340990
3935364
3882761
773021
3465521
3864062
4040625
3915833
792344
3327708
3980678
3915156
820937
3336615
5145417
3933333
739844
3404635
3958594
3907500
723958
3429948
3948698
3858073
749323
3431927
3974427
3974427
3857865
717239
3471458
5170521
3910521
715052
3454011
3964479
3862500
730208
3431094
3921771
3900416
699896
3483125
3914688
3996406
3923854
709115
3438750
5209166
3924844
837083
3289896
3955677
3862500
708438
3466354
3926510
3904896
744323
3475052
3905886
3912083
707448
3485885
3938177
5173855
3952395
692292
3430156
3924011
3930469
735781
3413437
3935104
3887761
693802
3478542
3948854
3897604
729115
3472083
3923385
5236459
3883229
725208
3485313
3873645
3908594
706042
3462187
3936459
3943229
728073
3403177
3970416
3875834
732291
3424792
3906198
5179792
731562
3459740
3975000
3905573
3915000
718750
3496093
3873125
3905938
722969
3448281
3968021
3861614
711146
3465104
3903542
5240469
740000
3382031
3980000
3959531
3903802
718646
3426042
3976614
3849323
690469
3532656
3868750
3969167
727604
3411875
3929479
5125730
713750
3449479
3943125
3922708
3978750
710052
3439792
3957552
3883385
708959
3455781
3913177
3942292
761875
3385156
3955885
5130782
719531
3487656
3860104
3944427
742657
3400416
3911615
4054948
3879843
730469
3435417
3929635
3894792
712292
3453125
3969270
5202448
800209
3392812
3831615
3870260
768021
3454844
3909948
3950208
3917240
770885
3451042
4011927
3778333
766771
3509062
3855782
3858281
833698
4602083
3915886
3913177
711823
3463750
3900104
3923177
733437
3490573
3838750
4033854
3886875
740938
3494479
3848490
5190573
706875
3469791
3913229
3936875
718438
3425989
3912969
3912292
713385
3467552
3903490
3919531
699584
3513593
3931354
3948542
3894896
708750
4720469
3955468
3868386
774739
3420573
3895938
3918698
791719
3355624
3981511
3844687
759115
3440625
3890156
4006042
3956146
793021
4635989
3877188
3960000
752343
3411563
3874531
3953958
749271
3386875
3921302
3904271
750000
3416250
3979115
3854062
700209
3479531
5226667
3930781
3918906
705990
3457864
3924115
3908802
737656
3424427
3971719
3850052
696979
3481302
3968959
3861198
724843
3446979
5221771
3971615
3892083
798073
3350729
3950209
3882864
761979
3461302
3877709
3916875
775104
3412344
3903958
3894427
790365
3433229
5183125
3853906
711667
3497187
3941667
3991823
3857396
695625
3465312
3920625
3929063
736562
3416771
3940833
3887084
701406
3494792
5156041
3891042
734583
3455573
3913802
4036979
3874948
722552
3487292
3877865
3918802
698750
3514739
3853125
3963750
738021
3387813
5229218
3841198
730521
3513386
3898020
3879688
4004010
785521
3376458
3898594
3971667
780052
3330990
3991718
3851459
727812
3461354
5157917
3899219
697812
3466354
3927552
3903125
718646
3467917
3917135
4074688
3820521
713385
3473333
3928490
3941510
715938
3470000
5162448
3867656
739896
3458333
3878177
3935573
687917
3513906
3870781
3941719
752709
3406562
3978073
3923385
3908386
721614
3482865
5131510
3909584
725625
3428645
3975105
3864791
717188
3459844
3942552
3931198
748020
3389375
3897969
4026927
3943073
750052
3363125
5245677
3994375
813594
3306615
3860573
3910572
771667
3409688
3904531
3964219
735416
3377188
3921458
3861771
715885
3512500
3990105
5152500
3895937
707760
3459740
3966354
3876771
738125
3413594
3921823
3910729
716458
3445729
3918594
3914219
731250
3448073
3915989
5220157
3991458
744115
3369791
3969896
3844688
687395
3513855
3893906
3930677
730573
3493437
3856094
3902500
773854
3415104
3906094
5243438
769479
3361250
3994583
3898438
3982968
740625
3395469
3883073
3887031
769011
3501562
3850625
3879740
763125
3446510
3892813
5155208
780417
3429687
3881771
3982448
3966198
754844
3424583
3871198
3904739
711563
3516458
3869844
3911354
756198
3391979
3975469
5109375
709427
3513958
3883594
3909896
3993490
713541
3455938
3913073
3912291
729115
3448958
3917448
3895313
672552
3525781
3949323
5131042
820468
3325104
3944792
3896302
773802
3382188
3921146
4020208
3892760
755573
3408229
3933282
3911146
769375
3382447
3943542
5198385
731303
3400729
3920885
3914583
694896
3448438
3936302
3918281
715781
3444063
4004167
3924479
3900468
715417
3456719
3968125
5109687
707552
3467553
3921718
3907240
695521
3452968
3942605
3906718
696198
3519063
3860885
4059688
3870416
702448
3464896
3906563
3934218
730521
4558906
3902605
3915364
755886
3437864
3899479
3903334
813437
3352552
3980209
3866145
766198
3457761
3918281
5243802
3864583
707032
3512604
3849062
3980000
715209
3410000
3965416
3860521
710313
3463281
3903854
3923906
715521
3510261
3861510
5248229
3902240
717031
3450156
3975000
3868177
707813
3501406
3867656
3979011
714271
3416093
3964271
3841979
689271
3534688
3879114
5149063
714218
3493907
3964010
3910833
3931042
709271
3466198
3907656
3900833
773803
3455364
3866979
3955938
702864
3467813
3872760
5159584
709635
3466823
3912031
3998959
3963177
730208
3393281
3922500
3950313
711354
3407864
3967240
3870156
709584
3464843
3956355
5160416
727761
3408333
3906823
4081979
1468594
2930521
4011666
3851302
3751146
1205938
3173698
3866875
3756718
1199584
3102448
3943281
3824219
1167448
4434895
3752500
3807396
1207344
3074219
3963177
3947239
3827657
1196458
8878698
1933385
1286198
3020781
3912969
3755469
1220312
4481459
3674635
3934375
989011
3239322
3841459
3906146
3948698
999270
3206771
3968490
3795364
937552
3379636
3904635
3800938
990989
4464271
3935261
3808437
958021
3285260
3873698
3892136
987656
3252552
3874583
4003750
3940261
957083
3290521
3827031
3956615
955104
4453750
3928177
3820990
1034583
3191667
3905416
3871823
955417
3351927
3815781
3911823
1024844
3194323
4040885
3841042
3871406
982969
4545469
3876250
3798958
1054114
3253855
3938645
3770730
1123437
3257083
3772240
3962708
978282
3206979
3937864
3940417
3925573
997708
4473959
3843437
3853698
957656
3369584
3811718
3857448
965417
3334583
3833177
3925782
942083
3255885
3855209
3889687
962969
3282708
5239323
3901146
3856875
967500
3275469
3872552
3867344
930677
3328958
3944323
3810885
958594
3270573
3895573
3871875
949583
3274271
5218021
3977240
3884062
1023490
3341145
3764011
3825833
1049844
3166927
3989167
3789896
1015468
3350365
3752083
3962084
1144010
3133333
5012188
3940989
949167
3241823
3980260
3866042
3959167
948958
3257865
3856145
3879636
989062
3324844
3823490
3852500
1039739
3279584
5104739
3831198
986615
3329166
3799115
4078021
3812604
951406
3274740
3891041
3876511
991510
3287084
3848854
3889323
917968
3328230
5126875
3930937
1106094
3040781
3986042
3804687
1041094
3295208
3901302
3904896
3844792
1050000
3298073
3805416
3920886
1110885
3065782
5211875
3802135
927031
3385469
3815729
3879063
984062
3253698
3898490
3977968
3888698
983698
3312552
3798334
3934114
1011354
3182188
5124010
3891979
958230
3355885
3811510
3863230
977343
3273594
3946927
3806667
951406
3313438
4056458
3832864
3903021
959271
3253021
5102240
3930468
1195417
2997448
3866667
3912968
1027240
3278437
3809896
3841459
1073489
3190000
3876458
4079375
3857240
1201042
2983698
5154323
3855052
931406
3363073
3879739
3823490
977083
3337865
3943385
3732604
916667
3352761
3912916
3894271
962292
3231146
3962968
5132240
3911562
990625
3258021
3927552
3921250
950886
3246979
3895937
3802188
985781
3258177
3943438
3888593
935313
3206406
3963281
5205625
3846198
943386
3386771
3859375
3801823
946875
3333697
3865157
3886302
1194114
3085052
3829844
3884531
949688
3298073
3931250
5112291
1014480
3289895
3950261
3900573
3828489
981719
3378802
3867240
3836406
1010365
3253854
3881406
3801406
986198
3424271
3711927
5166042
957396
3226510
3902604
4022344
3792031
994636
3330625
3832187
3925052
948646
3261094
3865416
3889844
1038698
3170886
3952604
5071198
981250
3235156
3941198
3838854
992187
3253855
3967395
3906667
3884115
1036510
3180938
3918073
3847031
949635
3296875
3876719
5244583
1009167
3207812
3839636
3803854
1177708
3172448
3874271
3970886
3798489
1041719
3299271
3805729
3868125
1061562
3282292
3864740
3782291
1295677
3147761
5156198
3864948
937916
3265000
3921927
3807552
4002032
950781
3279948
3897291
3926459
1035885
3256302
3814688
3894896
944323
3264895
5137448
3867500
1050782
3163958
3886458
3885729
953334
3299635
3891615
3984479
3852135
957865
3371614
3797136
3905260
991042
3250677
5186146
3801094
1060156
3231042
3929218
3781250
1063802
3355677
3725573
3825990
1058385
3250990
4149427
3780729
3758906
1054688
3262812
5086511
3880625
998229
3234115
3953698
3824635
1035729
3183542
3919271
3835312
934740
3401406
3826458
3963646
3870677
931719
3399739
5066511
3921875
960260
3235677
3938177
3867084
944896
3240573
3976302
3792239
979636
3323125
3879114
3859688
940573
3270885
4043177
5130104
3788229
1049375
3281407
3807396
3926510
1067708
3101459
4020416
3743959
1021406
3280417
3842916
3935677
1089271
3080833
3956094
5189740
3874583
971927
3266875
3915521
3842031
1000886
3264479
3859323
3902135
994896
3311302
3872552
3815000
1046354
3178907
3909739
5100261
996927
3261146
4062552
3873333
3812552
970990
3248333
3924219
3861354
963958
3269323
3955417
3816250
974791
3257709
3953229
5111146
1110781
3072187
3876198
4100469
3796823
1073438
3128854
3899166
3890521
1063906
3184480
3935520
3878750
1050625
3119792
3891875
5183490
974010
3221979
3878021
3927604
3964011
1034583
3254740
3817187
3876146
997760
3242657
3927968
3801094
934896
3351927
3868958
5110000
1004792
3230000
3922188
3903697
978125
3270521
3837709
3972864
3896875
968229
3351094
3856198
3818229
980677
3288177
3846302
5140834
1098333
3122344
3871302
3899896
1022448
3188802
3930000
3839531
1132083
3140157
3953229
3933958
3852969
1128802
3098958
3939896
5171458
1020730
3222395
3874948
3827604
968438
3337448
3821823
3865312
1047865
3179896
3877396
4046718
3813959
960729
3351823
3907031
5052865
1011718
3213698
3886250
3884844
989844
3275677
3857291
3946980
963281
3273802
3812292
3952656
996510
3154011
4079010
3866823
5061354
1009531
3228959
3918333
3847292
965677
3310208
3874375
3854427
1012396
3250729
3876146
3946823
960781
3199271
3910000
3979167
3953021
996666
4560782
3780208
3868802
981406
3302969
3833802
3930938
981718
3301459
3807604
3905833
955104
3339688
3766875
3952448
986927
3215156
5195573
3896562
3854427
991094
3239167
3951198
3805885
949948
3370886
3829427
3867500
994843
3243959
3954739
3819427
935625
3300990
5191354
3915573
3885260
927917
3304740
3907968
3921823
1004323
3252865
3818073
4038750
1079114
3063594
3856094
3877187
1081511
3184531
5199635
3755990
1094323
3252865
3931458
3970052
3822812
1361928
2940364
3819531
3806459
1155416
3173334
4000833
3668490
1153698
3248281
5028802
3904323
1090521
3116250
3902708
3961719
3923437
1089740
3109166
3834011
3920312
965938
3240937
3866250
3936563
1190885
2983646
5145208
3868334
1167031
3089062
3880313
3855469
966198
3265833
4021406
3941302
3846042
1011458
3271615
3877187
3801667
1033958
3232969
5225729
3774896
1009844
3257552
3855885
3927188
1065000
3160521
3844791
4058490
3842187
1052813
3155781
3870677
3878073
1035313
3220312
5145417
3913385
971563
3235416
3898334
3855416
992553
3312864
3806094
3868698
965833
3300833
3987396
3856979
3923282
1090729
3117604
5179792
3839583
1030885
3236928
3930468
3878854
1173646
2995834
3883125
3922500
1046875
3152343
3931771
3915156
3902448
1123855
3194687
5080052
3858073
1109375
3108958
3894688
3932604
1133542
3020364
3970469
3795781
1066979
3180938
3893437
3856459
1051562
3209167
4060469
5142916
3808229
986303
3243020
3883021
3877500
949688
3287760
3952240
3877760
993698
3272917
3797083
3870313
955520
3289844
3879479
5264948
3888438
986875
3308854
3892604
3773646
950625
3312812
3861407
3890416
973750
3255834
3889010
3883750
977135
3303542
3943073
5035521
1177239
3149271
3911615
3901875
3876510
1282761
3280416
3531927
3861771
1012084
3266302
3855677
3866146
1025781
3314948
3807500
5215833
1030833
3130000
3943802
3907553
3961822
1010573
3178959
3930885
3841406
974636
3251041
3892553
3854947
986928
3270416
3890729
5082084
943802
3378594
3801666
3951615
3941094
983281
3325521
3820625
3856250
958177
3314166
3854167
3887969
988906
3269896
3839739
5144271
975365
3354375
3803958
3856875
941042
3291302
4326615
3612968
3894115
993385
3199271
3891406
3875990
1030990
3277083
3817500
5134739
1012240
3274323
3873802
3818438
994062
3369479
3788177
3932292
989948
3281458
4028334
3936562
3709167
1039635
3242396
3898437
5036250
963021
3303334
3862604
3867135
984531
3318490
3837865
3846041
967084
3287291
3945938
3930677
3894687
1026979
3276719
3806719
5199375
995104
3189636
3876614
3918750
979844
3215937
3898282
3854010
996198
3249531
3875625
3880781
963959
3333385
3929479
3900313
5111146
1048021
3239531
3822396
3913958
1107969
3155312
3854323
3858750
1034323
3342188
3881406
3762239
1106198
3164271
3954896
3999740
5079583
965989
3221875
3940365
3800625
935313
3362812
3834948
3867604
960886
3300052
3886302
3862083
1001927
3244011
3876093
3868698
961511
3284479
5261614
3876511
3911458
969844
3221094
3895989
3963750
1009636
3209895
3801823
3951563
1006458
3241979
3873750
3793073
936146
3325521
5150052
3985677
3922344
1107969
3085156
3932135
3833854
1047344
3230156
3819375
3912969
1105990
3173698
3826250
3952135
1099792
3073125
5132083
3849271
4099844
1058802
3105521
3939531
3871771
990364
3205677
3869115
3948333
1015834
3154322
3905782
3930833
1039427
3151823
5111354
3881875
978334
3327916
3800313
4034323
3841510
927083
3322813
3895104
3863385
966511
3277083
3887709
3943125
978333
3229219
5078541
3884688
1027552
3259271
3854323
3912916
1107552
3087188
4002448
3879323
3861979
1133125
3105989
3957448
3828907
1077395
3153698
5170209
3839218
990209
3248593
3893073
3851823
979167
3281667
3963020
3922813
3862083
995625
3251875
3945000
3788959
953645
3396042
5051250
3953333
999428
3158020
3953386
3803125
985469
3328645
3803073
3930521
949479
3245573
4067813
3837291
3908959
945989
3242344
5217656
3773854
1009167
3240261
3895312
3881406
1079636
3145104
3868594
3882291
1031459
3236614
3866927
3983386
3888281
1033125
3225625
5263125
3831771
989427
3267292
3816979
3981458
1012031
3153698
3846406
3998646
1018959
3135885
4307552
3988073
3791562
4223021
5173177
4031563
3964479
4062500
3993906
3868177
4168438
4036458
3786667
4093021
4096562
3880677
3980209
5233437
4059011
3789791
4121563
4024896
3881250
4093750
4027604
3851718
4138594
4069115
3870000
4052812
5352448
3765469
4159010
4044271
4014584
3857239
4160156
4016667
3806406
4143073
4085521
3886146
4027604
5286771
3777187
4037917
4072083
4034219
3931198
4044167
4084427
3823750
4087396
4025885
3905104
4063333
5337344
3789323
4146823
4071615
3625208
4091146
3811719
3890937
899792
3316406
3955312
3849584
937031
3397240
3795156
5125989
1080261
3283802
3740052
3890625
1184583
3086146
3846042
4136302
3780625
1160469
3169531
3899687
3735261
1030625
3270469
3934531
5024062
965730
3277812
3883750
3847083
963177
3308698
3868386
3882760
994375
3344271
3898385
3955105
3882656
1037708
3121094
3909062
5095521
938282
3319791
3968542
3775729
967083
3285573
3955157
3780572
958282
3313333
3865833
4010469
3870365
999270
3258646
3866250
5122865
1105677
3117448
3965208
3852656
1099115
3092656
3915313
3894375
1164375
3028802
3960208
3814948
1120625
3158594
4021719
3807552
5207239
967344
3199844
3961719
3792968
967761
3375260
3787917
3882083
963698
3280938
3892395
3839688
960208
3310156
3868178
4014270
5191407
983125
3197448
3956718
3803646
1070365
3201250
3830885
3882136
925156
3316927
3891458
3851250
981771
3266146
3877760
3843750
962136
3387864
5168750
3953282
3825781
1054635
3228073
3828438
3883281
1012083
3208802
3906563
3918281
1097552
3075365
3904062
3862136
1038177
4490885
3853490
3984427
3879843
1015730
3245104
3948437
3872761
940416
3229219
3880208
3871719
966146
3307292
3847239
3884584
979583
3334740
5083593
3921615
3927708
960469
3359323
3806458
3969948
1041719
3104948
3903750
3847656
954583
3332292
3845521
3871250
982187
3283855
5181822
3783490
1000104
3274271
3883802
4037083
3815990
1010000
3319531
3807761
3858854
1036927
3246667
3850937
3894323
1037135
3201042
5197448
3847344
959844
3247135
3968594
3864375
1109010
3143750
3905469
4070312
3822865
1162656
3025313
3884270
3897448
1169896
3089063
5099635
3936094
1014375
3148906
3812500
3853854
980000
3299271
3879844
4052969
3784948
996614
3323177
3833959
3884843
948334
3284791
5188490
3811719
946093
3319844
3867969
3881042
986927
3238854
3901666
3932292
1038125
3134427
4081511
3827291
3864167
1015312
3233230
5181093
3833490
995365
3339843
3885938
3793594
1051250
3184687
3951563
3878229
1042604
3164167
3850781
3997187
3856302
987396
3352188
5001093
3972032
958385
3254375
3842969
3859010
941615
3291562
4485365
3688490
1225781
2825521
4163906
3727083
1264271
3075312
3883386
4028073
5038229
1422344
4830989
2261979
4714219
2882500
4088542
3723385
987552
3207605
3908697
3847500
1024167
3224844
3874219
4063437
3818958
1088125
3155573
5175261
3851250
1036041
3240990
3874010
3928959
1045625
3155625
3823541
3934271
947084
3248177
3859114
3859740
4024948
954739
3342344
5091094
3817448
922083
3367292
3827812
3873907
913958
3316198
3897760
3880469
909948
3384323
3828437
3938282
952604
3240000
3872239
5292136
3835677
949114
3255521
3972604
3892396
1114271
3228698
3887552
3761198
1034219
3315833
3789740
3858541
1059219
3307240
3803541
5105886
1185989
3100990
4043594
3830416
3820156
1196563
3196719
3814583
3853698
1207552
3075781
3886042
3797240
1231562
3060208
3892240
5035729
1070573
3196146
3901042
3935781
3845416
942292
3324479
3936875
3805365
990885
3259063
3899323
3845156
1005312
3256875
3860886
5216510
1034375
3125313
3879739
3872344
957604
3293907
4065885
3872708
3813542
986042
3258854
3898229
3862604
979323
3341563
3801770
5166094
1125938
3132604
3887187
3799479
1172396
3141719
3880781
4019479
3803855
1097031
3168385
3902292
3876302
7296458
1359167
4645677
1086302
3053854
3962500
3867136
992708
3196406
3875938
3841354
974687
3298073
3982292
3960000
3804271
958854
3290885
3866250
5190209
990521
3275833
3812500
3937396
1001614
3165782
3905937
3922448
981042
3203073
3888541
3990261
3878333
939740
3296927
3941354
5064844
1112812
3123698
3912344
3916406
1180208
3019011
3848125
3983750
1092552
3039062
3926980
3911979
1243281
2965052
3965417
3898854
5181510
994740
3169062
3902240
3877344
980833
3255469
3872552
3882396
995104
3261094
3930104
3800364
962032
3306562
3870886
3990208
5123958
979375
3293490
3861146
3891458
949844
3278645
3937396
3807969
989896
3258229
3886198
3904531
997448
3209636
3892968
3861198
998334
4512656
3985989
3883334
3859062
1037240
3238229
3865469
3870312
1112552
3131563
3891823
3865677
1051094
3206979
3866302
3948802
1127708
4372761
3905312
3963021
3921823
1052135
3150209
3925260
3831302
985833
3266407
3918021
3768489
931979
3305261
3915000
3856562
980365
4494427
3940885
3814167
959219
3327708
4029375
3813229
3866354
941667
3305104
3880938
3864427
921562
3353490
3856406
3873386
936718
4550417
3913073
3926719
1017500
3159010
3880469
4064062
3798698
1001615
3253281
3878594
3931718
985053
3210312
3903177
3836979
1021615
4551042
3930833
3782448
985416
3448230
3714270
3997709
1034166
3100469
3966250
3905886
3862187
1005261
3243645
3879115
3860521
968437
4494323
3950625
3878698
921302
3270938
3856354
3894323
1028437
3212292
3951510
3983386
3809323
997552
3244791
3873490
3904010
993646
4488698
3895156
3880625
979428
3235677
3899635
3924635
971303
3219375
3868958
3892396
995052
3229896
3995468
3946250
3831719
1018073
4481979
3857709
3852968
1034531
3302188
3775885
3910938
1042969
3227968
3938073
3773177
1035261
3299531
3777240
4115781
3771771
1026979
4509635
3859115
3879114
956928
3289895
3936302
3805000
1010053
3314427
3808958
3886302
963177
3265208
3899011
3852135
973229
3273594
4013125
5122240
3872760
981094
3324115
3888750
3806250
925885
3340208
3914271
3810677
1057084
3198385
3897604
3945104
1075573
3078229
3879896
5308125
3803698
1034792
3265521
3848125
3915364
1090834
3082135
3962917
3803698
995572
3274584
3922344
3855416
1049323
3158021
3904427
5178073
1046406
3128021
4014010
3853594
3953073
1006875
3159948
3896562
3941198
1038021
3131459
3915156
3850729
1020156
3224115
3948125
5037083
960781
3365938
3831562
3990365
3916042
1018177
3171718
3881980
3891666
984115
3260364
3939167
3815313
1006406
3224323
3881719
5109791
1097604
3147605
3906354
3904687
1054584
3145781
4069687
3799063
3883437
1044063
3193281
3894375
3922656
1092396
3113386
3878802
5117083
1002448
3239323
3949531
3803958
975625
3345521
3877188
3925573
3948437
1032865
3136093
3883698
3977240
1003229
3139688
3901198
5108229
960989
3350052
3888021
3827656
1006198
3304636
3813854
3836250
940312
3326771
3984948
3899427
3875313
932239
3359792
3825521
5111146
1128437
3126354
3934011
3831093
1081042
3144011
3897552
3849791
1066563
3191562
3863386
4107760
3851146
1092656
3089740
3940364
5079896
1025000
3295781
3862292
3821615
1038281
3198437
3962136
4553698
3752656
3693802
3823490
1017864
3500834
4183698
3848593
5259323
3834792
4128906
4041302
3868438
4063229
4058906
3874531
4102032
4005729
3891146
3984062
4097969
5302239
3895834
4067812
4019844
3854740
4175572
3979323
3821198
4150573
4080521
3792240
4096770
4036407
5142083
4214115
3902135
4089635
3825365
4084427
4237708
3705886
3997552
4054792
3846093
4136927
3996980
5125833
4021875
4002656
4118125
3873906
4052292
3996771
3963229
4056511
3977864
3865990
4134896
4030677
5082239
4143021
4058281
3670157
4238645
3998646
4094011
3763645
4195105
4035468
3815105
4099375
4015885
5013021
3827448
3927031
1012500
3207292
3842187
4012292
3945937
953177
3297969
3763750
3927135
956771
3345365
3818802
3929167
982656
4515208
3807656
3903490
900625
3317135
3992605
3806250
1020104
3302187
3976198
3887969
3819740
1070885
3308229
3782031
3854115
1012865
4546927
3858854
3932187
1057917
3127917
3838020
3884584
1033125
3306927
3811562
3993802
3837709
1001823
3306510
3915313
3799531
1060000
4464010
3922552
3774844
1034896
3233750
3818490
3943281
1047083
3215104
3899948
3777709
996354
3325208
4030781
3829115
3819062
1001563
4537500
3916667
3824218
989740
3227604
3908229
3844375
935000
3345938
3872135
3873490
979375
3221510
3928906
3994011
3883489
990938
4603437
3843229
3794896
923802
3341927
3884323
3840573
976823
3289427
3943594
3823333
951980
3362760
3763542
3902187
1011146
3192240
5375000
3772187
3904948
1048021
3180469
3896875
3928489
1109896
3072292
3886875
3927343
1064271
3114323
3895521
3886198
1054948
3212500
5167448
3931406
3916354
983542
3213906
3894479
3878646
1000000
3295469
3821250
3882291
985105
3223593
3911302
3846771
946771
3294948
3961406
5063490
985104
3329792
3938281
3847917
3900937
997292
3302135
3846927
3833229
948438
3330781
3863073
3872969
965989
3334948
3838594
5096198
1119583
3159532
3875156
4072656
3769219
1035885
3237865
3874948
3931875
1075885
3071719
3925260
3866250
1079011
3223177
3787812
5185625
1031563
3361354
3729635
4073386
1022969
3032864
3990938
3948437
3906250
1005052
3187552
4322865
4136250
3737135
4197865
5149219
3846823
4088281
4048854
3852760
4005677
4091667
4116979
3771719
4175052
3969427
3889792
4078385
5352865
3773802
4182917
3963020
3878334
4098333
4072969
3656042
4274166
3919323
4023073
3931198
4056146
5362760
3822917
4196302
4023542
3794947
4079740
4057292
3862500
4059114
4038594
4046771
3844531
4189011
5209895
3857605
4069635
4017760
3859636
4171666
3961250
3929271
4121667
4013333
3731719
4172917
4011771
5266666
3619271
3977031
3858490
921094
3391979
3819687
3945209
928489
3314167
3891406
3815573
884792
3407708
3824010
4001459
5194844
1012708
3195469
3829010
3942500
1009948
3243958
3840052
3874427
1111198
3258021
3855729
3786094
1101250
3168958
3956407
3751406
1043802
4488125
3983698
3893854
3869375
1013177
3230417
3875260
3873750
959115
3294062
3886250
3865625
1031302
3200052
3890625
3867553
967552
4617083
3792083
4049688
3828750
943854
3292760
3884948
3866927
956667
3307031
3879532
3862604
969062
3284271
3958854
3786511
959635
4534063
3965156
3872500
1093021
3065885
4019167
3915468
3814896
1015834
3249843
3970834
3770260
1055052
3194792
3919062
3830730
1042760
4472552
4008125
3739479
961563
3275208
3893177
3989583
3878698
991719
3268594
3875052
3862604
950156
3303594
3875573
3871302
1005365
4573333
3811198
3855417
996718
3269740
3870781
3873333
1003438
3318958
3919011
3877604
3959687
1051875
3109063
3880417
3869531
936927
4631198
3809166
3874688
1096198
3150052
3880990
3977447
1073803
3050468
3909792
4067344
3793281
1069583
3247917
3807604
3874531
1027813
4479948
3934323
3893281
1138906
3032813
3876093
3859115
989531
3281979
3872032
3951146
1048229
3103229
4013594
3953281
3799948
1034219
4489375
3861145
3863125
952813
3381302
3813125
3853906
967292
3283385
3887344
3916719
981719
3296354
3794062
3998334
3935833
951614
4486511
3943802
3815000
1131875
3181927
3877969
3796198
1043645
3198750
3889271
3866615
1129687
3191563
3815833
3860886
1102500
3135989
5340521
3910000
3794375
990260
3397709
3786823
4523593
3797917
4172917
3993125
3787812
4118594
4135260
3783646
5209219
4139479
3993073
3839167
4108541
4046355
3836875
4124895
4034167
4030938
3829948
4055781
3904323
5310937
4024531
3733803
4235364
3995104
4036771
3837656
4133177
4017813
3934740
4036562
4043958
3836094
4186615
5346823
3887500
3929062
4103177
3517604
959844
3222188
3953697
3835261
916562
3319011
3890833
3827604
884532
3448072
3781823
5119688
931667
3280260
3917396
3931979
944010
3301980
3946666
3886615
3843437
905157
3333072
3959584
3821979
895208
3347188
3882812
5120782
886250
3367083
3929062
3811927
892605
3408750
3815468
4189219
3861302
1139896
3048542
3860468
3888542
1114740
3130885
3889740
5075833
1175521
3314948
3710208
3804271
1198385
3076771
3940990
3851354
1192396
3162916
3911823
3920000
3719688
1229167
3148229
3896041
4977292
1056406
3327292
3779948
3841406
1078594
3196823
3889687
3823021
997344
3233750
3890885
4077552
3792657
1018020
3209011
3909114
5130209
983125
3332135
3803125
3943906
1011355
3156510
3952292
3803958
977396
3289219
3838229
3895364
989792
3236094
4035260
3865677
5201927
1125313
3028125
3969427
3785729
1164583
3168125
3802657
3855729
1009062
3338750
3781927
3943959
1156771
3023229
3952396
3942916
5199115
1004791
3173855
3863177
3863802
1008594
3252708
3861458
3882917
1008437
3225052
3912969
3851042
1003750
3343229
3790156
3882709
977708
4521823
4065521
3837448
3840260
973646
3270312
3968907
3864843
969532
3184218
3890990
3896823
1009166
3232500
3847917
3963438
994948
4445468
3904688
3947083
3952500
1174844
2991667
3900885
3942396
1119583
3078438
3848385
3853958
1048282
3242812
3941563
3783698
1036822
4457605
4022760
3745729
987344
3243594
4084323
3813698
3862760
964323
3371875
3837604
3831771
995937
3340000
3808438
3845573
980000
4552760
3858386
3894583
999687
3241771
3844948
4027084
3872187
948646
3271562
3872240
3895677
979531
3264167
3898437
3850573
1027709
4601406
3751667
3869687
1080000
3171146
3952604
3787969
1021406
3249427
3994792
3868125
3889479
1126719
3095937
3905729
3853021
1098177
4545886
3746823
3981198
1030312
3106042
4339583
4001406
3960104
3932032
4087760
4057136
3937031
4001302
4134635
5084115
4019844
4083750
3820729
4165469
3947447
3949688
4025000
4034844
3815468
4232188
3977865
3992135
5151250
4056979
4085104
3785782
4184843
3967657
3907187
4058854
4072709
3817812
4069375
3786979
4007448
5158021
4178281
3710990
791614
3215417
3958958
3811042
761302
3466250
3894063
4041666
769011
3294583
3964792
3809895
764219
3463334
5208177
3969791
3853959
719218
3506355
3859895
3971511
714271
3397604
3975416
3857084
722552
3447135
3967604
3863490
801302
3385156
5158698
3991354
3972136
715417
3400260
3920990
3906875
716406
3450833
3972448
3867604
715625
3450261
3906927
3967187
706563
3421041
5189011
3884948
839010
3343542
4030000
3916562
3860782
750677
3442708
3902396
3930885
788646
3344583
3957084
3883698
775937
3414011
5243906
3825573
698177
3484166
3921563
4029375
3868385
714688
3468229
3918333
3903021
723958
3449011
3965729
3859688
700520
3520730
5115989
3922552
726823
3480469
3870833
3908698
707396
3519375
3943281
3936146
3891354
700729
3489948
3899323
3916146
760625
3409323
3924167
5154843
799896
3380000
3949896
3881510
826407
3321146
3930364
3985990
3932812
830521
3314896
3976146
3865156
757760
3433802
3897709
5183854
730052
3458906
3887084
3962968
731407
3382604
3957448
3877448
709479
3507291
3951198
3955834
3878541
711511
3462239
3911771
5214896
723958
3385469
3920886
3917916
718073
3439323
3922708
3960209
719062
3409896
3944844
3965364
3968854
733646
3377448
3933698
5144740
703906
3499740
3882083
3977656
868021
3244323
3963958
3867656
715990
3454271
3919583
3901667
731250
3500885
3970886
3889687
5221615
749739
3349584
3926979
3932239
746459
3400469
3931302
3953333
713281
3409219
3956823
3872239
726771
3443229
3919428
3993072
5209480
737708
3427917
3910677
3891354
716146
3455573
3901198
3915052
707395
3470365
3957813
3862395
710782
3509687
3873438
3959427
728125
4650208
4025417
3964323
3867604
850521
3286666
3916875
3896667
702187
3491615
4000365
3881145
738855
3385104
3918958
3910938
743020
4677344
3992448
4058854
3872292
744896
3410468
3909428
3892239
733177
3406250
3946823
3893646
791406
3392709
3902343
3941823
734167
4650729
3870104
3918281
731563
3455104
4025521
3920625
3874896
711250
3491719
3876302
3926250
730625
3431354
4144687
3730782
714062
4705260
3880313
3893490
745989
3428386
3970312
3954688
3959635
747344
3345000
3961250
3945312
710990
3427604
3918594
3882239
706250
4784584
3875000
3876458
757604
3560365
3883177
3807656
762656
3479896
4004531
3872396
3945313
816146
3355468
4058386
3770104
787031
4635573
3857135
3962448
783854
3346719
3983750
3867969
741927
3405208
3911302
4051719
3904011
681198
3460052
3903802
3907552
795833
4665521
3892604
3906875
702813
3465364
3918177
3957500
728490
3389844
3936770
3943959
703958
3403229
3994844
3948021
3951875
720312
4698490
3849427
3945521
799271
3385625
3886198
3896302
850052
3358906
3887813
3939791
786875
3348021
3954271
4048073
3904219
779010
4599167
3951770
3871823
814584
3361666
3911771
3905573
6326511
832968
968646
3910261
874375
3275833
3953125
3865312
779375
3487865
5199062
3900834
3890729
823385
3355677
3923438
3896667
751406
3397864
3968594
3848958
726042
3504583
3871823
3933334
727343
3473073
5154480
3947395
3945573
818854
3321250
3933438
3948854
765990
3383229
3897812
3938334
800260
3378906
3881302
3911407
769166
3395000
5178750
3897292
708854
3480417
3963542
3999010
3888698
710312
3442240
3896615
3968281
758646
3343489
3990886
3906354
711979
3420417
5202552
3891562
742292
3390156
3932240
3991614
3915469
722083
3454427
3925938
3955990
690625
3433072
3898907
3926927
730781
3435156
5186146
3881927
750104
3445052
3919636
3907760
790417
3406719
3969427
3935364
3897396
812500
3353281
3904636
3978698
761875
3365573
5152291
3901823
730677
3450573
3934115
3892135
711667
3463385
3935521
4000156
3893542
724427
3454792
3898229
3919219
744114
3422500
3974688
5156094
699895
3477188
3888542
3887395
725000
3463542
3942135
3893282
720521
3430677
3977031
3930885
3960209
720104
3409114
3968021
5106406
735209
3483854
3881458
3880782
751927
3438073
3964166
3870781
732657
3486093
3883594
3986250
3903906
719480
3508958
3854531
5233542
753437
3410365
3926094
3888541
710209
3425833
3980990
3860937
723646
3497969
3910416
3876511
708698
3443125
4075677
3900729
5128437
715938
3466823
3863541
3914219
714427
3507396
3871406
3917709
710625
3456666
3964792
3856771
719114
3496771
3870000
4041146
5117865
715573
3478802
3957656
3867083
719532
3430260
3942969
3953593
722084
3397344
3966145
3865417
749219
3412656
3928594
3951875
725677
4676354
4023698
3888802
3878906
771250
3443646
3895000
3968177
759375
3379896
3949427
3828698
733281
3485834
3899427
3885000
801354
4610417
3990260
3954010
3955261
717239
3424375
3896615
3909219
761354
3395729
3928854
3920313
707135
3445000
3925625
3973177
698177
4715052
3865209
3909010
708854
3469479
4036355
3878697
3924063
710833
3453959
3904531
3932917
707968
3496198
3864636
3905104
717344
4737656
3940364
3878386
757864
3391927
3950521
3957344
3941198
759375
3371927
3969531
3896042
761719
3407083
3940885
3869323
787084
4662552
3948802
3868125
765989
3403698
3909011
3909219
714583
3467917
4035989
3931458
3858021
721563
3485156
3869583
3931250
728907
4681041
3925104
3919167
710833
3460365
3909167
3912239
699948
3454063
3983177
3943281
3922760
736927
3437344
3957552
3857240
702448
4770312
3870313
3941875
792812
3336198
3963438
3867500
738073
3472343
3883646
3950521
785365
3328281
4048073
3875052
3939635
817292
4602812
3910105
3895104
753437
3432865
3969271
3852500
707916
3465938
3923698
3961041
728959
3431510
3918854
3991407
3867343
737344
4749740
3856666
3930417
701302
3436198
3954271
3915781
741094
3404114
3906875
3932865
712969
3464791
3899115
3919271
701406
3460625
5261458
3896615
3931302
803802
3360729
3913802
3928542
713594
3423698
3955000
3896041
739375
3417448
3908282
3946718
725261
3436458
5173490
3995468
3907448
708542
3469115
3951770
3856146
741875
3503594
3905469
3878802
705156
3447917
3926823
3901145
735625
3440730
5219895
3872448
720313
3433802
3987604
3944167
3913541
713073
3487761
3882135
3898802
721094
3478906
3893750
3899219
710990
3475156
5157239
3926771
713229
3463125
3944428
3951510
3933698
730573
3462604
3890469
3895208
750417
3422760
3937136
3894531
709583
3442188
5247500
3873906
742864
3431980
3909062
3972448
752604
3385365
3991041
3892657
3921198
720885
3468490
3891041
3905886
728645
3466719
5132761
3945208
734583
3442344
3889531
3889011
709791
3528334
3841614
4030625
3909063
703125
3458437
3918229
3901511
707292
3475104
3920312
5151198
722448
3459792
3955729
3870052
715521
3456354
3920781
3940625
727813
3395052
4006198
3973906
3857448
716927
3512500
3868073
5230521
764739
3410313
3849739
3975782
729375
3453802
3846927
3893021
782239
3470573
3850625
4116302
3782552
804688
3443541
3886250
5118178
741145
3435000
3902709
3907135
717083
3514896
3895729
3885261
739166
3424323
3907448
3983177
772657
3348333
3986042
3911250
5174218
711094
3467448
3911042
3956927
718333
3404792
3961510
3905781
733282
3398593
3932188
3897760
725052
3439480
3969635
3945521
5195000
828854
3297083
3966927
3882865
842865
3367395
3865365
3950365
804895
3339115
3955885
3870313
841875
3347448
3951719
3870312
787761
4636875
3976510
3979531
3860365
706302
3454583
3919375
3973594
728854
3381823
3969635
3916615
717240
3412760
3956406
3871927
762969
4656719
3911875
3989062
3925990
718281
3488125
3924115
3857760
706979
3471719
3964688
3876770
721094
3428386
3934062
3960625
682865
4685937
3962969
3948385
1221927
2899323
4012813
3867500
3950260
837552
3380261
3905937
3845365
851198
3386146
3850572
3947709
828541
4573125
3913282
3898229
729739
3438334
3968177
4003333
3850625
709844
3515469
3874479
3947864
708855
3424375
3914166
3899844
752292
4684010
3920104
3950938
701406
3472344
3867135
3967552
786771
3344115
3994271
3921197
3904584
732708
3439740
3924739
3941875
709636
4677604
3956771
3851875
814948
3375312
3917240
3952396
699427
3427708
3893490
4064166
3841354
680052
3503698
3931771
3914375
740990
4719114
3909792
4556562
1100678
2683177
3969531
3686979
1012552
3245521
3984635
7417500
1372865
1061302
2042917
3864323
3871093
743073
4734896
3866406
3915886
760625
3437448
3906875
3887500
708750
3463854
3922031
3918750
776979
3382500
3918125
4004427
3937448
740573
4695834
3896093
3881719
762552
3447500
3877917
3918750
720104
3445052
3980729
3843594
745052
3490469
3860937
3931198
757865
3388177
5278073
3916094
3909010
720104
3461667
3991041
3832396
704323
3487917
3966198
3839479
737240
3513854
3861354
3952916
737188
3366823
5143906
4034844
3921094
721354
3442864
3898334
3943333
713802
3414636
3924427
3897343
711198
3476459
3892656
3963646
734739
3394375
5217969
3856927
715521
3514792
3951875
3993177
3834739
722292
3510365
3864479
3904583
762865
3460208
3880417
3940989
716406
3474792
5259219
3812500
722604
3444115
3884791
4000729
3939740
725365
3472968
3876511
3850156
757917
3533281
3818906
4006406
762917
3409636
5078697
3913282
727343
3431250
3969428
3917760
714844
3393541
4076146
4042761
3923698
1225000
2916093
3964844
3719323
803229
3349688
5179895
3873021
701198
3531823
3861406
3989011
761666
3387917
3860729
3998021
3978646
741302
3367656
3930365
3895833
689427
3503073
5144479
3926094
776615
3430364
3901459
3872656
786666
3417344
3942240
3873854
787292
3415468
4005000
3874532
3924479
774479
3361562
5245938
3903281
740677
3392292
3958177
3902396
754167
3363593
3943698
3899740
753437
3438021
3938906
3966250
3898646
724688
3461562
3948438
5126354
730573
3428437
3919011
3958958
710156
3435365
3935521
3877656
733646
3472187
3890834
3895052
692968
3480000
3977709
3938333
5202135
829323
3314063
3900312
3918750
792552
3371511
3963802
3854948
770521
3398750
3926875
3926666
802448
3340365
3943021
4005416
5210313
725625
3370625
3982708
3857813
735260
3496458
3850261
3978333
744740
3426094
3859947
3905000
740886
3453750
3901510
3921927
705261
4774375
3986666
3875209
3912760
741927
3404427
3922761
3915885
728229
3457552
3954219
3865417
722292
3505468
3857188
3915000
728177
4690208
3913542
4002344
3979010
776979
3316511
3926718
3954063
792083
3360677
3887032
3918593
821459
3353854
3962604
3867031
734896
4695365
3898072
3967709
3953333
721250
3441146
3912240
3966041
712344
3406510
3932969
3953854
734167
3376823
3972135
3872604
738230
4673906
3927187
3901146
720156
3500521
3877188
4002239
3885938
702396
3496718
3972292
3863958
718490
3453438
3947656
3866666
729271
4685313
3924323
3901666
725834
3441510
3922240
3917448
4042864
776146
3367865
3951875
3888177
762239
3432396
3879271
3943281
759844
4662187
3994480
4245364
3883542
4089479
4021406
3859427
4099844
4062656
4046615
3815104
4149115
3981562
5077188
4093489
4034271
3854531
4127604
4014948
3878021
4082084
4041666
3815469
4203177
4001719
3955937
5204740
4036823
4015260
3871563
4165104
3974062
3868438
4092656
4087188
3800989
4056250
4085729
4057969
4949479
4024167
3789323
746771
3538958
3842813
3891770
782136
3447344
3887447
3966615
762656
3432657
3825364
3949636
754010
3414219
5253906
3852865
3927291
712656
3508178
3855520
3944271
775000
3374896
3919479
3896094
709010
3504323
3931354
3866250
736771
3488698
5122969
3970625
3940052
717604
3442656
3978230
3851406
715625
3449323
3930781
3915365
726770
3431459
3921250
3924739
737657
3425520
5159844
3927031
3994115
800312
3362969
3914584
3955312
794219
3318073
3940260
3896615
958958
3263698
3865781
3927604
777552
3386980
5177916
3886927
742032
3436198
3966250
3959895
3919271
735834
3424114
3958073
3916719
738854
3391406
3962344
3899479
726406
3404792
5180156
3902813
723229
3521146
3837083
3963281
713959
3410052
4033385
3877448
3965677
731250
3390938
3929218
3893542
722604
3504844
5114427
3942396
805260
3380209
3865312
3921042
783385
3385521
3918646
4023229
3875313
775677
3438802
3878489
3967709
784218
3327500
5196042
3903802
714167
3499896
3869583
3915104
730990
3430729
3970052
3867396
725312
3441302
4030677
3898073
3953282
720364
3394219
5179010
3915625
727084
3420833
3935781
3898021
697136
3486041
3918906
3916459
790416
3429323
3853855
4006666
3912604
726615
3422708
3933125
5042396
745261
3428072
3950678
3883437
723021
3482760
3873229
3961042
715261
3410364
3922083
3910209
729896
3438750
5241093
3941511
3938281
714219
3416094
3966458
3853125
734271
3449427
3958593
3854219
703906
3528021
3839792
3984635
736927
3382969
5165209
4057135
3865104
733802
3428854
3924480
3912552
713125
3454114
3906563
3929166
734636
3434479
3912292
3896718
691459
3490312
5207292
3867708
721719
3492187
3951875
3973542
3852969
713542
3450885
3986823
3849687
720000
3505886
3881510
3901406
714532
3460416
5256719
3849636
711927
3506823
3882500
4041666
3925886
726562
3389323
4125052
3840833
1035521
3325521
3788438
3926458
1104792
3095885
5111927
3894792
1040573
3155885
3944011
3844114
3942292
1089010
3246875
3794896
3868333
1136042
3148542
3934583
3769896
1009687
3274011
5126666
3855313
1082344
3274010
3770938
3865104
1105104
3285260
3722240
3995833
3851250
1015834
3243020
3890417
3866146
977708
3243073
3877552
5065573
1108125
3099636
3866197
3876667
1137136
3237760
3729167
3907031
1077656
3194479
4103125
3719167
3930833
1053282
4401354
3942083
3816354
1006406
3240053
3950729
3803229
994219
3265833
3894948
3918906
959896
3214167
3942031
3990833
3825417
956302
4545104
3881927
3832084
967656
3386094
3802395
3942813
989531
3173229
3898490
3945260
1045261
3116302
3948229
3792448
960885
3379844
5236771
3791823
3905364
1124584
3113698
3910729
3897187
1091667
3144948
3831719
3932708
1099219
3092448
3903958
3903646
1127760
3108021
3831875
5272344
3855208
1021146
3242656
3851771
3889219
975312
3267709
3900937
3833385
942136
3309427
3947396
3871927
976979
3211823
3912083
5112240
965312
3269844
3981667
3906458
3942917
983021
3180937
3867656
3908907
930573
3367239
3807136
3876562
957552
3266875
5213542
3788489
1057813
3207760
3902813
3973594
3951458
1099896
3088021
3917968
3831146
1116563
3127552
3876614
3937865
1032291
3201823
3822344
5153438
968125
3242343
3895730
3934427
3924843
974792
3287240
3933541
3814636
963437
3292344
3937708
3800677
995625
3280365
3920781
5073177
995469
3238438
3897916
3864323
974636
3350156
3802344
3971093
3963177
1034532
3156406
3860364
3871719
976094
3346354
3821250
5112136
1093750
3144947
3952240
3782760
1108230
3154895
3887032
3864114
4001094
1082813
3185989
3841146
3963125
1185885
2977240
3897500
5166458
1027500
3269115
3835833
3958229
1049532
3110625
3950781
3787969
972708
3332708
3836146
4085990
3781510
994948
3346667
3809531
5107031
1005313
3260833
3804323
3952917
987187
3268958
3856771
3813021
956042
3369739
3877709
3865989
991771
3272448
3923073
3873854
5189688
1000052
3193385
3930260
3796407
971302
3356198
3818073
3872291
947500
3298907
3951979
3797864
1016979
3276667
3819636
4073802
5098073
984114
3289948
3880156
3933907
1071354
3115989
3862761
3860312
978854
3319688
3850781
3922083
985625
3219063
3937240
3789479
1001823
4513073
4006197
3854219
3835886
928854
3340104
3870365
3924947
975105
3217448
3907187
3837500
946667
3298333
3884323
3865729
988906
4510261
3889323
3999323
3855625
956979
3368073
3827500
3927604
981198
3198385
3891667
3838698
974062
3295417
3882604
3878594
970104
4628542
3742135
3914010
1118021
3145104
4110521
3748334
3875208
1120260
3149115
3841042
3854427
1065104
3366302
3701823
3962552
1073594
4363698
3933125
3806614
973750
3347396
3822083
4048230
3879531
1037135
3207552
3822709
3934062
1032552
3210365
3803489
3892240
1014115
4487812
3866927
3880261
8870104
1275937
2003229
1027084
3063802
4068646
3833229
3906094
1011250
3172968
3955313
3868437
999167
4468021
3832396
3940052
1094635
3065990
3977916
3815782
1013333
3226198
3901302
3989948
3873541
1042761
3181042
3944947
3859636
1020677
4462760
3880521
3839584
1008385
3302292
3817552
3895260
949115
3274635
3877188
3952760
1000833
3197917
3975469
3940989
3783125
1014532
4583385
3838854
3837500
948490
3295521
3910729
3907656
981771
3194375
3902344
3879062
955000
3275104
3939896
3996094
3815573
928958
4585886
3953645
3840730
1112552
3059739
3889167
3893646
1034948
3214583
3948958
3778229
1097292
3171667
3890000
3912969
1062552
3161718
5209740
3884062
3932709
1005833
3178385
3873282
3924375
994114
3233073
3844219
3951510
1008802
3234740
3812292
3873125
940937
3380052
5135834
3952552
3836823
929323
3336041
3893177
3837761
952552
3320416
3929375
3803803
961250
3315625
3915729
3816510
959896
3302708
5119427
3931459
1051458
3114167
4087864
3861146
3806719
1009583
3246094
3943021
3791250
1156823
3187968
3788803
3896875
1088020
3155000
5222500
3921459
989896
3198958
3831927
3993698
3917083
1037344
3182031
3865521
3935521
1109219
3121145
3840105
3873333
989167
3257968
5122292
3836823
983073
3286042
3881302
3874427
3999375
982187
3340625
3862604
3786407
984218
3262396
3902917
3853229
1021510
3224115
3876094
5147760
982500
3248438
3902343
3848802
1001355
3306875
3811823
4032031
3840937
1016927
3264011
3916458
3827396
960729
3261615
3953229
5172344
1030625
3162916
3945209
3785364
1012396
3250260
3858855
3857343
1019844
3260052
4116875
3805729
3830157
989948
3251666
3863021
5159427
1060833
3150000
3860782
3849791
947032
3340052
3925416
3848334
1026771
3165677
3878906
4002448
3871302
1002187
3348125
3837500
5091302
979792
3241615
3866979
3946719
1007656
3172708
3919323
3853021
981927
3280312
3887657
3834375
955052
3278333
4091719
3800469
5147656
1129167
3146666
3945209
3740156
1066094
3260885
3832083
3951146
1103646
3110312
3830573
3861250
1074688
3257760
3811407
4004739
5103490
994427
3257500
3872344
3873802
987760
3362708
3849323
3819740
1032656
3280365
3836041
3898021
984323
3232761
3911822
3832865
964531
4507240
4033021
3842812
3944219
1010729
3246927
3807292
3851979
941927
3325781
3868542
3948542
990885
3214011
3920312
3824740
916666
4590052
3920521
4012031
3770053
1066197
3250000
3828073
3877240
1056823
3197969
3935000
3825572
1059532
3177864
3865261
3935260
1050365
4393802
3904375
3838125
1042500
3212448
3998802
3905052
3843854
1016354
3238334
3984218
3769896
977813
3270468
3867865
3881406
1002448
4493906
3886302
3893438
967500
3256979
3943646
3925937
3877500
952240
3298125
3905365
3917812
985573
3188698
3956823
3800469
973541
4637032
3793229
3866250
1102187
3200000
3792344
3898854
3980677
1117188
3143021
3954947
3778803
983385
3346510
3834740
3863229
1121250
4370833
3914480
3896770
1044532
3206927
3808594
3934791
977344
3218958
3883854
3984427
3888646
962813
3292396
3868489
3919948
1058386
4401666
3871771
3931823
996771
3178125
3946510
3832136
1036041
3268438
3816510
3924896
983854
3213490
4049323
3831093
3919428
996822
4541980
3783229
3844479
1113646
3164427
3880000
3863542
1028072
3210157
3889323
3863489
1162709
3188229
3788437
3985886
3869531
1159114
4463073
3792552
3921303
1004166
3170834
3950989
3813906
982605
3344062
3779896
3946667
978281
3210260
3941198
3873854
994323
3235729
5207292
3919323
3840729
980521
3226146
3910989
3851042
938438
3406927
3806250
3843385
933177
3355208
3872969
3863177
986875
3336406
5041198
4072865
3822448
1200937
3022032
3914583
3914427
986042
3184010
3894271
3917448
995208
3219688
3854323
3924635
969583
3215938
5263281
3791354
1027761
3237396
3998958
3861614
3860157
987396
3357291
3892292
3783489
1002084
3273958
3866823
3855573
994219
3338073
5019062
3850208
1003178
3242031
3901146
4050104
3812291
1000053
3261718
3934271
3796719
935000
3375677
3894271
3800052
977083
3289844
5126823
3854687
982292
3248281
3915469
3918177
3924219
957396
3314896
3935208
3819479
957604
3286771
3906562
3895105
987864
3204167
3890469
5152500
1051510
3183906
3925209
3791406
1042864
3325625
3755678
4088125
3791770
1073438
3247656
3803854
3894219
1067396
3282239
3764167
5116615
997760
3294479
3851042
3918229
1027552
3169167
3938854
3808281
970782
3254479
4024323
3932448
3822708
1043906
3206354
3852657
5150885
995729
3293281
3840261
3861146
956198
3270208
3955833
3819896
1117448
3197135
3820730
3969791
3888959
973281
3322864
3846407
5177916
1102344
3067344
3937500
3827031
1066719
3229323
3827552
3913854
1046719
3156250
3899375
3915312
1060781
3105261
4089114
3867657
5128333
969740
3271979
3834531
3846302
948594
3425937
3770521
3933021
974167
3246823
3906302
3868437
996094
3207708
3855990
4066562
5133802
987500
3206980
3853072
3896511
948021
3284896
3898645
3845990
964167
3317552
3934062
3809323
1004844
3303854
3792604
3890938
975833
4521510
4003230
3937343
3820261
1026094
3261666
3838125
3857969
1105885
3122292
3926458
3832709
1025208
3254896
3926250
3863489
1088698
4373855
3869687
4055260
3867709
1008229
3205156
3871927
3869167
985937
3262188
3887500
3861250
990781
3253594
3922708
3827604
998021
4575261
3861510
3817865
1031406
3219375
4064219
3810781
3926042
987083
3298489
3780886
3933281
1076302
3123229
3998802
3743021
946198
4530469
3917031
3858698
1199896
3039271
3901927
4031458
3818750
1122136
3200781
3817448
3914531
1115833
3080677
3903386
3869323
1103333
4484323
3783073
3952917
1025625
3248177
3827916
3873334
995729
3221771
4033229
3952552
3856302
1092188
3326458
3700885
3882552
983750
4406459
3845260
3877708
955313
3333594
3851406
3876667
948333
3357969
3873073
3940885
3871615
967552
3282187
3983906
3766980
976770
4561198
3908177
3802084
963229
3381927
3793125
3852292
967916
3279271
3942552
3810938
962031
3362031
3930052
3911407
3873281
1247812
4484688
3692291
3804011
938750
3431458
3840469
3899010
1085000
3175157
3807604
3832656
1024115
3282448
3916354
3997500
3790364
1002657
4485208
3923385
3882813
978854
3224583
3837969
3878750
1011719
3306875
3840989
3833959
921458
3348021
3876250
3855208
1040834
3209427
5237031
3888125
3879844
957760
3355260
3820678
3879895
964948
3341146
3796406
4122500
1094636
2965781
3879740
3869323
1050156
3204114
5158802
4033646
3853125
1171823
3106042
3878646
3976458
1212812
3015678
3785260
3843073
1533646
2774166
3824532
3910260
1211823
2997344
5187500
3790260
1142240
3105677
4054479
3820312
3852240
1063021
3281614
3780782
3907083
998177
3173542
3959062
3877969
1072240
3105260
5125052
3859375
995104
3284115
3859427
4002396
3878333
984792
3311406
3838490
3847968
965730
3292500
3867031
3900104
996094
3303385
5074792
3831146
1075468
3203177
3868907
3865729
986094
3337500
3960520
3923855
3853593
1094167
3112135
3860730
3899479
1042552
3247708
5088125
3935886
1034635
3142917
3911718
3841875
980886
3319583
3879323
3935990
3945781
972344
3201250
3953958
3794635
1013177
3308386
5061614
3871355
964948
3325625
3905677
3871823
978541
3220156
3885469
3843959
982708
3248802
4012344
3896927
3937604
1048021
3120052
3955937
5066667
1120208
3166511
3919427
3796042
1064010
3170625
3867135
3895365
1185156
3109219
3809948
4008594
3894010
1166979
3064844
3942552
5068594
977291
3264688
3865573
3870312
998073
3316250
3832500
3932084
961979
3256354
3906146
3885104
1033073
3127864
4020157
3929323
5055833
989844
3323958
3821146
3937031
979792
3217448
3928020
3802448
970105
3354062
3825104
3901823
947552
3251615
3944948
3956562
5195990
1113125
3096666
3810105
3901458
1083958
3123386
3898021
3942552
1092395
3088959
3897864
3846719
1108125
3210677
3832136
3842656
1046146
4503593
4074428
3790000
4006093
1010782
3109895
3897448
3847917
1090885
3160052
3887865
3863073
990208
3580157
3637343
3811979
1017396
4460313
3899114
3977032
3938854
1028125
3147448
3877500
3876250
969791
3356198
3802188
3851094
982343
3285625
3942396
3808021
1012708
4464427
3913282
3840052
4021771
986614
3244583
3907136
3926875
983750
3196562
3948959
3809270
1013230
3299114
3814740
3901927
998958
4529740
3878177
3826146
1015000
3271198
3842500
3994062
3958073
1000625
3279948
3810729
3842031
965313
3291667
3878802
3842395
962344
4595156
3841459
3846198
1003698
3279948
3822604
3961250
1037239
3217136
3922187
3882969
3951094
988281
3167917
3868854
3867239
959636
4573750
3942291
3805886
1022187
3191146
3913802
3935000
998282
3186093
3893594
4047031
3791719
986563
3358333
3775364
3891146
980313
4631562
3767240
3846875
1069167
3265416
3808802
3868854
1019063
3358854
3845573
3826562
1074896
3157813
4090625
3876458
3752083
1054271
4457865
3860000
3897708
997865
3210260
3916146
3846042
996562
3268854
3891146
3847396
936875
3432396
3844687
3933959
3850312
950000
4645469
3812604
3864427
1009688
3323125
3794010
3868021
934323
3401719
3767448
3909531
976562
3330521
3792031
3888021
963125
3259115
5297031
3877292
3831041
1015000
3304740
3789167
3983593
1115730
3061875
3957031
3785625
1288437
2995886
3833698
3941458
1054844
3131093
5219688
3936198
3871042
976406
3257812
3892396
3902865
1047864
3171823
3882552
3864740
985469
3250468
3900886
3924843
1009584
3140208
5179219
3837031
4079688
969114
3186094
3910417
3933125
1005937
3156302
3889740
3890364
954219
3263177
3969375
3788281
932448
3331094
5116823
3880104
1083073
3164688
3959895
3976980
3802864
1059271
3203177
3926198
3812083
1020521
3308177
3814063
3877500
1091875
3147344
5163541
3840625
920365
3317969
3968541
3807292
1000312
3308646
4010886
3808489
3938542
1010521
3168177
3889896
3840468
940313
3335937
5112605
3880208
984583
3255000
3951302
3830729
961928
3260312
3942917
3950208
3868229
990573
3250365
3859010
3894792
988750
3257083
5142135
3859428
1088593
3232136
3804062
3876406
1107448
3127500
3965677
3800157
1123177
3119010
4097656
3792344
3934844
1100990
3035104
5263021
3827760
979583
3344011
3756093
3965938
1010417
3137916
3915886
3843906
941302
3411146
3803489
4057136
3837031
987813
3305260
3878854
5082709
1002604
3168177
3952239
3848855
984427
3291302
3795729
3964792
991145
3264532
3864687
3802761
957031
3303594
4007708
3946927
5026927
1011250
3255677
3877552
3871875
948386
3289843
3950209
3804635
950261
3307447
3871511
3876927
945833
3310417
3874010
4013854
5194688
979271
3232760
3951198
3877708
1071146
3103490
3871458
3926667
995469
3275625
3788489
3857969
1038125
3234792
3913854
3895312
1022813
4375260
4054011
3826302
3861250
988958
3256042
3886510
3867552
921042
3338646
3881666
3929688
1004687
3184532
3920052
3813646
953802
4562135
3868958
4003438
3938854
974792
3205781
3941615
3882812
1011146
3167917
3889791
3928698
983021
3186250
3884844
3885260
992396
4533906
3850313
3849687
4014531
1052032
3340000
3738489
3920625
1188229
3052605
3829791
3888125
1028698
3328802
3765677
3867604
1037917
4467865
3901354
3849635
973073
3334323
3825990
3992708
3878490
989218
3315209
3823281
3866302
960990
3286354
3875625
3880781
981406
4509532
3883645
3859271
925938
3328385
3960052
3826146
1211563
3039635
4034792
3804635
3968490
1084739
3110209
3867708
3884114
1030209
4418594
3949895
3874323
1014167
3223750
3813906
3945000
1184323
2986927
4007396
3882188
3944218
1078125
3092292
3961198
3790625
1040156
4498386
3848593
3880886
942396
3299375
3905156
3844896
1028698
3261927
3861875
3849114
979323
3265677
4019896
3861719
3867864
970938
4522239
3885469
3876979
1031250
3238229
3855678
3985208
972135
3239375
3808646
3861146
987656
3285000
3884844
3979115
3929739
989583
4458542
3866511
3884687
1022604
3787292
3539167
3756510
1250000
3051927
3852031
3828177
1691667
2524323
3938021
3777291
4105469
1584167
3946302
4486927
3255417
1142864
2945209
3926458
3896354
919636
3252864
3875313
3970416
914167
3281146
3824583
3894531
917969
3265573
5169792
4080468
3866928
906927
3262448
3882552
3876562
897031
3334480
3926718
3853282
908906
3322396
3897239
3875729
887813
3334375
5213958
3814011
1039947
3190313
4057552
3939896
3866458
1123854
3047761
3960469
3804531
1058802
3188073
3941927
3812396
1150156
3154323
5124531
3845365
1014010
3213073
3917656
4006771
3846823
999323
3286042
3839583
3933698
990989
3206563
3863333
3850157
1077656
3237187
5048021
3956667
1006562
3212500
3906927
3791198
997396
3249636
4024166
3867344
3903333
1019688
3290729
3861771
3869531
969948
3203750
5122969
3875052
968906
3269792
3972656
3814740
972864
3245625
3884792
4071823
3791771
1003333
3252500
3875625
3893906
1019271
3303698
5172396
3750937
986250
3390052
3761198
3864115
1019427
3361250
3762864
3959584
988281
3210052
3990000
3877708
3825157
1012656
3299583
5078334
3848906
990521
3268906
3856927
3951771
966094
3206145
3972136
3789375
996562
3266302
3873282
4006093
3880417
995000
3299531
5070938
3936823
972864
3260365
3825677
3935833
964844
3211927
3887083
3858907
1009843
3325417
3807552
3888125
6552917
994948
709323
3906198
4990104
1064166
3246250
3765625
3888230
1098645
3083959
3998854
3784687
1063073
3361511
3703489
4034115
1132760
3080209
5026614
4079532
3792656
975937
3257604
3902969
3921979
959688
3231094
3864218
3893959
970989
3270625
3948959
3783802
964375
3380468
5059323
3848646
4015156
956146
3363854
3806198
3943177
949688
3220156
3952448
3788958
975730
3365989
3803802
3937396
950573
3233385
5196042
3825521
1149844
3136718
3818386
4060885
3834688
1170885
3123698
3809167
3920833
1048698
3133854
3895521
3898490
1172552
3058125
5136250
3849791
998698
3251250
3861354
3877084
1009114
3336615
3906302
3901146
3857916
1022865
3308646
3824687
3913959
1025104
3146875
5122500
3878333
1001302
3337136
3812291
3933542
950573
3226823
3890000
3984323
3936562
942292
3252552
3949219
3819010
976511
3242447
5148907
3836354
1019062
3234740
3900885
3940261
1042760
3233386
3850729
3833125
1035885
3160677
4015782
3953437
3789583
1015157
3214687
3887865
5143646
1006666
3267396
3914167
3797083
960833
3291355
3891562
3884063
972812
3284427
3851354
4016719
3861771
1010000
3252135
3940261
5049687
1012917
3287917
3828437
3849479
976719
3295937
3933855
3819739
987552
3347188
3788854
3883542
947656
3284114
4066667
3827292
5108646
971041
3281719
3882604
3858386
999010
3256406
3870417
3869219
976823
3274427
3873698
3871406
1001614
3349011
3777969
4016562
5174479
976042
3260625
3906354
4011563
1111041
3054271
3949635
3769688
1132292
3137916
3878959
3830833
1036719
3254531
3882344
3828125
1114114
4453542
3959427
3825000
3941198
1069792
3116718
3870521
3933906
1043490
3163750
3878125
3826198
1028385
3228698
3984740
3780885
1035261
4577031
3803594
3946510
3838906
1014375
3232709
3891510
3858906
961927
3302344
3884323
3871042
982239
3241459
3954948
3868906
1042969
4458489
3830365
3973437
4004948
979844
3186927
3893542
3815468
1016146
3271979
3855209
3863854
1063906
3224479
3870365
3807292
1074947
4538125
3798698
3852448
1005625
3264532
3950989
3918646
3946823
976614
3204896
3952813
3787760
937448
3323281
3952761
3784791
1013907
4576562
3901094
3788229
961927
3271875
3949740
3873594
962708
3208698
4001094
3951718
3874740
963125
3204167
3891927
3896198
1002187
4466198
3955521
3792031
1035833
3311094
3841354
3830521
1079740
3156146
3904010
4032552
3827708
1054584
3169427
4000625
3818906
1049531
4388229
3869896
3897240
968385
3244167
3879687
3968750
1032500
3157136
3936823
3777343
993021
3356875
3929375
3869792
3887083
951042
4534010
3875573
3943490
960781
3187031
3913021
3859844
983958
3360573
3795573
3862500
1000052
3263802
3874896
3986094
3868437
1007657
4593125
3787343
3852709
999166
3296980
3915104
3801250
1028229
3200469
3909791
3857240
1313437
2934323
3882604
3913490
1189688
3123333
5135989
3964219
3875781
962292
3212500
3876354
3947709
1013750
3236406
3895833
3781042
991562
3339740
3870469
3791250
934843
3317917
5207240
3916458
3958490
960052
3222239
3942240
3785833
931875
3411354
3813855
4091666
1021927
3056459
3971250
3763750
1058958
3294635
5049636
3851562
1262240
3077396
4031302
3733593
3939948
1202605
3007760
3919531
3868854
1175625
3045677
3959063
3840156
1206771
2980833
5216823
3759167
1065677
3224583
3840417
4044219
3819635
1102761
3278750
3950520
3729844
1001198
3167448
3899479
3848802
1009063
3252344
5135885
3862656
972969
3250052
3911615
3871823
999114
3217917
4038385
3841406
3910365
993125
3219896
3959219
3872708
955208
3322761
5050208
3846354
958438
3307708
3931927
3821406
966511
3250625
3935260
4038334
3806770
994115
3246667
3960260
3796458
1158073
3080104
3887292
5216354
961771
3230781
3966927
3795938
998021
3335677
3876302
3780417
986718
3258177
4008282
3864687
3960313
973802
3215468
3875469
5053334
984947
3279323
3946823
3830157
1032552
3260156
3805052
3877760
972292
3268385
3868594
4086354
3802448
971615
3302448
5091979
3946562
1052969
3134375
3945677
3877084
956198
3190208
3908958
3854323
1033646
3301198
3802187
3857865
978646
3305260
3970521
3898438
5112395
1101355
3201250
4004062
3682396
1064792
3330364
3779740
3796823
1051875
3318645
3829011
3847187
1068646
3197136
3895260
3984010
5105730
987135
3326562
3824792
3846198
971927
3363021
3878854
3865521
975104
3206250
3948854
3801354
980105
3267083
3875000
3886250
988177
4504792
3992291
3883125
3940417
954583
3219011
3902291
3933959
956979
3214583
3951979
3794896
965938
3262344
3897083
3949114
958073
4587865
3796250
4012083
3884792
1034427
3115990
3979270
3792500
1062136
3204427
3870937
3898855
1054375
3137916
3943125
3815104
1074740
4445677
3896094
3877917
980677
3332656
3905417
3958177
3815416
979479
3327240
3808229
3944948
953333
3236928
3951822
3781355
997708
4591667
3809583
3843333
939584
3411250
3792760
3989062
3911355
1019166
3292604
3786303
3862812
1015677
3313542
3819271
3858698
1001406
4591302
3805729
3853490
